Spot Count: 1759

No, X, Y, Spot Intensity, Area, Perimeter, Intensity_Raw
1, 1675, 41, 919, 23, 14.2, 569
2, 3270, 54, 4023, 34, 18.0, 3069
3, 3075, 66, 931, 24, 14.6, 679
4, 2005, 308, 1145, 25, 15.3, 791
5, 3886, 322, 1365, 20, 13.4, 871
6, 894, 330, 523, 35, 18.6, 1006
7, 251, 339, 348, 30, 18.7, 679
8, 553, 433, 574, 35, 19.8, 1682
9, 208, 450, 505, 24, 14.5, 621
10, 203, 477, 1015, 23, 14.1, 1014
11, 225, 489, 813, 21, 12.7, 843
12, 190, 500, 370, 23, 14.2, 750
13, 182, 510, 449, 24, 14.5, 672
14, 216, 516, 453, 26, 16.7, 688
15, 3652, 603, 1639, 32, 17.0, 1443
16, 40, 618, 448, 21, 12.7, 662
17, 327, 663, 359, 23, 14.2, 642
18, 350, 668, 462, 21, 13.9, 645
19, 363, 671, 272, 25, 15.4, 587
20, 686, 682, 378, 23, 14.1, 952
21, 2476, 757, 714, 31, 17.4, 659
22, 2576, 774, 945, 20, 12.6, 608
23, 741, 786, 321, 25, 15.2, 778
24, 285, 877, 577, 20, 12.7, 799
25, 305, 892, 501, 28, 16.8, 910
26, 273, 921, 482, 19, 12.2, 836
27, 424, 927, 365, 23, 14.1, 714
28, 440, 938, 502, 22, 14.9, 728
29, 1379, 964, 752, 29, 17.1, 1282
30, 474, 966, 417, 22, 14.1, 891
31, 452, 976, 345, 27, 16.6, 766
32, 2313, 1128, 398, 22, 13.4, 630
33, 254, 1134, 349, 29, 19.0, 687
34, 1797, 1141, 500, 30, 16.7, 1183
35, 219, 1151, 406, 19, 12.6, 711
36, 220, 1168, 301, 28, 16.0, 639
37, 3070, 1190, 718, 20, 12.6, 562
38, 257, 1194, 516, 20, 13.2, 740
39, 236, 1203, 330, 24, 14.7, 701
40, 223, 1210, 333, 22, 13.4, 549
41, 244, 1212, 467, 25, 14.8, 591
42, 2218, 1217, 534, 24, 15.3, 897
43, 1686, 1224, 351, 22, 13.4, 608
44, 1714, 1226, 341, 21, 13.3, 646
45, 2240, 1226, 411, 26, 16.8, 547
46, 2220, 1236, 507, 33, 20.6, 889
47, 2237, 1237, 343, 25, 17.0, 646
48, 353, 1273, 438, 21, 12.7, 578
49, 4084, 1282, 625, 24, 14.7, 542
50, 768, 1285, 253, 34, 18.7, 656
51, 1712, 1294, 405, 33, 18.7, 655
52, 383, 1295, 600, 21, 13.6, 744
53, 337, 1299, 494, 22, 14.3, 694
54, 305, 1311, 509, 23, 14.2, 653
55, 292, 1330, 238, 30, 16.7, 616
56, 357, 1330, 369, 17, 11.4, 662
57, 1119, 1342, 334, 28, 16.4, 771
58, 591, 1344, 282, 31, 17.4, 581
59, 372, 1361, 338, 31, 18.4, 634
60, 246, 1366, 632, 24, 14.1, 928
61, 268, 1373, 724, 25, 15.3, 875
62, 261, 1385, 359, 25, 15.5, 784
63, 1451, 1386, 309, 25, 14.6, 601
64, 1473, 1399, 408, 23, 14.5, 734
65, 1446, 1410, 466, 22, 13.8, 775
66, 1472, 1410, 501, 27, 17.3, 807
67, 275, 1413, 402, 28, 16.5, 711
68, 302, 1413, 533, 24, 14.7, 695
69, 1491, 1421, 328, 22, 13.4, 573
70, 258, 1425, 453, 21, 13.3, 645
71, 1431, 1428, 359, 23, 14.1, 557
72, 1030, 1429, 376, 21, 13.4, 681
73, 1465, 1433, 459, 21, 14.0, 739
74, 585, 1443, 662, 21, 14.1, 715
75, 553, 1445, 621, 24, 14.7, 725
76, 1457, 1453, 311, 28, 15.5, 620
77, 639, 1461, 439, 22, 14.0, 620
78, 601, 1462, 1131, 20, 13.4, 968
79, 582, 1469, 571, 29, 17.2, 873
80, 561, 1473, 656, 24, 14.5, 759
81, 934, 1475, 352, 24, 14.1, 682
82, 118, 1476, 542, 23, 14.0, 699
83, 925, 1477, 418, 21, 12.7, 731
84, 602, 1482, 443, 22, 14.0, 658
85, 1568, 1484, 354, 32, 17.1, 581
86, 633, 1489, 710, 20, 12.6, 714
87, 133, 1493, 354, 26, 15.5, 679
88, 911, 1496, 426, 24, 14.1, 670
89, 882, 1497, 314, 23, 14.0, 679
90, 935, 1497, 474, 24, 14.1, 880
91, 594, 1500, 422, 22, 13.4, 559
92, 610, 1505, 549, 20, 12.6, 665
93, 641, 1509, 310, 32, 18.2, 581
94, 187, 1511, 274, 29, 18.6, 579
95, 1944, 1520, 285, 30, 16.7, 692
96, 164, 1522, 400, 25, 15.0, 730
97, 151, 1525, 530, 29, 16.1, 846
98, 143, 1536, 390, 28, 15.9, 681
99, 934, 1540, 593, 20, 12.8, 820
100, 2761, 1549, 290, 23, 14.4, 546
101, 406, 1560, 740, 37, 21.7, 1040
102, 1572, 1570, 386, 25, 14.8, 598
103, 623, 1599, 1527, 26, 15.4, 1346
104, 182, 1604, 451, 25, 14.8, 792
105, 19, 1605, 274, 28, 16.8, 626
106, 142, 1611, 599, 21, 12.7, 899
107, 1598, 1611, 425, 27, 15.3, 752
108, 189, 1613, 319, 34, 21.4, 722
109, 1620, 1613, 484, 27, 15.3, 706
110, 153, 1617, 332, 30, 16.6, 883
111, 63, 1618, 331, 29, 17.0, 650
112, 1613, 1624, 377, 27, 16.4, 721
113, 1586, 1626, 568, 21, 13.3, 687
114, 190, 1630, 320, 39, 21.3, 796
115, 177, 1634, 848, 22, 13.4, 1051
116, 1832, 1639, 287, 34, 18.0, 799
117, 170, 1643, 913, 20, 12.8, 1075
118, 208, 1649, 343, 26, 15.5, 675
119, 18, 1650, 395, 22, 14.1, 766
120, 178, 1654, 480, 26, 15.5, 866
121, 1843, 1659, 341, 27, 15.5, 764
122, 1435, 1663, 301, 23, 14.0, 610
123, 337, 1668, 639, 21, 13.3, 714
124, 380, 1671, 306, 25, 15.5, 637
125, 93, 1685, 256, 39, 20.0, 635
126, 1280, 1688, 335, 32, 17.8, 661
127, 464, 1694, 282, 27, 15.5, 640
128, 495, 1702, 472, 32, 18.9, 888
129, 1233, 1710, 686, 22, 13.8, 721
130, 69, 1715, 393, 26, 15.8, 716
131, 517, 1722, 422, 19, 12.9, 785
132, 1794, 1727, 353, 22, 13.4, 651
133, 2096, 1733, 342, 32, 18.4, 848
134, 65, 1735, 504, 26, 15.5, 807
135, 1653, 1739, 271, 36, 21.8, 635
136, 1825, 1743, 1352, 21, 13.3, 1109
137, 75, 1745, 370, 23, 14.1, 728
138, 1787, 1747, 514, 22, 14.3, 738
139, 1661, 1750, 356, 20, 13.7, 675
140, 1796, 1765, 379, 24, 14.7, 699
141, 1813, 1765, 311, 27, 16.0, 695
142, 189, 1770, 302, 30, 18.9, 730
143, 164, 1776, 341, 30, 17.0, 728
144, 1899, 1787, 350, 28, 16.1, 692
145, 201, 1795, 343, 25, 14.6, 799
146, 3058, 1809, 310, 27, 16.1, 893
147, 1845, 1812, 260, 28, 16.0, 640
148, 35, 1817, 334, 34, 18.6, 711
149, 1594, 1821, 350, 25, 15.6, 673
150, 390, 1838, 473, 33, 18.8, 853
151, 352, 1839, 447, 28, 16.0, 806
152, 3135, 1842, 363, 33, 18.6, 1308
153, 1540, 1847, 313, 25, 15.3, 683
154, 377, 1849, 497, 24, 14.7, 814
155, 86, 1858, 375, 22, 15.5, 805
156, 104, 1858, 431, 23, 14.1, 740
157, 628, 1862, 375, 21, 13.4, 655
158, 596, 1868, 344, 32, 17.3, 671
159, 96, 1869, 298, 35, 18.8, 825
160, 860, 1869, 271, 30, 17.1, 660
161, 798, 1870, 432, 18, 12.1, 704
162, 243, 1872, 330, 31, 17.3, 653
163, 782, 1879, 382, 20, 12.8, 578
164, 603, 1881, 378, 24, 15.8, 768
165, 2897, 1881, 314, 26, 15.5, 780
166, 1805, 1884, 721, 27, 16.2, 864
167, 108, 1886, 286, 35, 18.0, 751
168, 832, 1886, 549, 29, 17.0, 912
169, 1027, 1891, 389, 27, 16.9, 740
170, 645, 1892, 427, 24, 15.1, 694
171, 43, 1898, 687, 21, 13.7, 884
172, 833, 1898, 450, 20, 13.3, 881
173, 1831, 1898, 630, 20, 12.8, 903
174, 1804, 1899, 382, 24, 14.6, 721
175, 775, 1901, 543, 24, 14.1, 755
176, 987, 1904, 398, 25, 15.2, 814
177, 1010, 1905, 1629, 20, 12.6, 1328
178, 1047, 1906, 764, 21, 14.1, 907
179, 125, 1915, 407, 37, 21.0, 1002
180, 1811, 1918, 351, 25, 16.0, 657
181, 31, 1920, 676, 22, 13.4, 784
182, 998, 1921, 488, 25, 15.2, 774
183, 1010, 1923, 442, 19, 12.2, 772
184, 1020, 1923, 304, 30, 16.1, 657
185, 2801, 1925, 384, 21, 13.3, 641
186, 1362, 1926, 419, 22, 13.4, 714
187, 51, 1928, 714, 29, 16.9, 793
188, 330, 1929, 391, 23, 14.2, 673
189, 23, 1932, 302, 32, 17.3, 719
190, 307, 1932, 305, 36, 18.7, 671
191, 1004, 1933, 536, 24, 14.1, 706
192, 1030, 1935, 329, 23, 14.1, 642
193, 1040, 1949, 570, 26, 14.7, 799
194, 1664, 1951, 321, 29, 16.7, 656
195, 325, 1956, 403, 28, 16.8, 665
196, 350, 1956, 352, 31, 17.2, 705
197, 30, 1958, 531, 21, 13.7, 641
198, 338, 1959, 1447, 19, 12.8, 1089
199, 1325, 1959, 277, 35, 20.9, 657
200, 656, 1963, 411, 23, 14.0, 662
201, 1196, 1964, 275, 33, 19.7, 740
202, 1959, 1971, 320, 29, 17.0, 645
203, 27, 1974, 360, 19, 12.7, 591
204, 2004, 1975, 414, 31, 18.4, 803
205, 612, 1977, 504, 23, 14.2, 687
206, 2613, 1977, 821, 22, 13.4, 815
207, 633, 1981, 609, 17, 11.4, 777
208, 138, 1986, 325, 28, 16.2, 753
209, 676, 1986, 313, 21, 13.4, 664
210, 104, 1987, 365, 33, 19.0, 704
211, 319, 1987, 373, 32, 18.1, 728
212, 1469, 1987, 393, 24, 14.1, 670
213, 114, 1995, 431, 30, 16.7, 752
214, 3382, 1996, 311, 29, 16.9, 795
215, 461, 1997, 441, 29, 16.7, 761
216, 1495, 2000, 298, 35, 19.6, 642
217, 84, 2005, 387, 27, 16.0, 708
218, 97, 2005, 471, 28, 16.0, 816
219, 363, 2009, 411, 27, 15.3, 682
220, 1796, 2010, 295, 25, 16.7, 670
221, 132, 2013, 319, 28, 15.9, 651
222, 75, 2015, 622, 23, 14.1, 807
223, 465, 2025, 607, 20, 13.5, 775
224, 1045, 2025, 302, 33, 17.9, 750
225, 1768, 2029, 334, 28, 15.8, 728
226, 3511, 2030, 378, 34, 20.8, 850
227, 455, 2031, 636, 22, 14.1, 876
228, 1026, 2032, 379, 27, 16.4, 730
229, 604, 2038, 348, 25, 14.8, 689
230, 1268, 2038, 325, 23, 14.2, 681
231, 1035, 2040, 348, 29, 16.2, 702
232, 3027, 2045, 341, 35, 19.1, 761
233, 438, 2046, 517, 22, 13.9, 795
234, 676, 2046, 474, 26, 16.0, 748
235, 458, 2049, 407, 27, 15.8, 757
236, 3937, 2050, 477, 23, 14.5, 559
237, 351, 2053, 533, 26, 15.8, 827
238, 196, 2054, 359, 21, 12.7, 581
239, 430, 2057, 1024, 20, 12.8, 977
240, 486, 2058, 549, 24, 14.1, 672
241, 725, 2058, 842, 21, 13.3, 856
242, 3057, 2059, 306, 20, 12.8, 635
243, 3942, 2059, 1124, 29, 16.2, 1101
244, 3952, 2059, 965, 24, 14.6, 799
245, 398, 2060, 300, 34, 17.8, 677
246, 3511, 2060, 339, 29, 17.5, 821
247, 675, 2062, 298, 35, 20.0, 699
248, 441, 2064, 548, 21, 13.8, 804
249, 1225, 2064, 325, 28, 16.5, 785
250, 258, 2065, 377, 24, 14.1, 647
251, 466, 2071, 567, 26, 15.3, 785
252, 723, 2071, 365, 32, 18.5, 804
253, 673, 2074, 368, 24, 15.3, 740
254, 439, 2076, 510, 24, 14.1, 809
255, 3030, 2078, 459, 21, 13.3, 1007
256, 137, 2080, 378, 25, 14.8, 713
257, 3479, 2080, 374, 36, 20.6, 765
258, 83, 2081, 1249, 26, 14.7, 1143
259, 99, 2081, 310, 36, 18.7, 850
260, 686, 2081, 968, 20, 12.8, 834
261, 418, 2083, 361, 25, 15.6, 656
262, 1267, 2085, 386, 26, 15.3, 713
263, 589, 2086, 673, 20, 13.5, 895
264, 562, 2087, 641, 24, 14.1, 890
265, 1313, 2088, 300, 29, 16.0, 707
266, 3470, 2088, 407, 26, 15.8, 774
267, 229, 2089, 308, 27, 16.2, 693
268, 599, 2089, 389, 22, 14.0, 749
269, 88, 2090, 989, 22, 13.4, 1020
270, 447, 2090, 371, 23, 14.0, 653
271, 1340, 2090, 321, 23, 14.0, 611
272, 2591, 2090, 343, 31, 16.7, 779
273, 998, 2092, 375, 26, 15.8, 777
274, 159, 2095, 306, 21, 12.7, 546
275, 1014, 2095, 349, 29, 17.3, 745
276, 2825, 2100, 362, 26, 15.2, 678
277, 118, 2101, 848, 23, 14.2, 929
278, 1246, 2101, 355, 26, 16.0, 710
279, 205, 2110, 428, 18, 12.3, 630
280, 44, 2111, 570, 28, 15.5, 678
281, 1175, 2111, 413, 20, 13.4, 803
282, 1300, 2112, 368, 28, 16.1, 711
283, 83, 2114, 1174, 22, 13.6, 1117
284, 604, 2120, 426, 25, 14.6, 758
285, 216, 2123, 349, 20, 12.6, 620
286, 569, 2125, 325, 26, 16.1, 772
287, 96, 2129, 353, 30, 16.1, 618
288, 1551, 2129, 355, 28, 16.5, 698
289, 1706, 2132, 333, 24, 14.1, 625
290, 1021, 2133, 441, 27, 17.3, 792
291, 1331, 2137, 309, 36, 19.1, 637
292, 1138, 2140, 332, 25, 14.8, 708
293, 1109, 2143, 345, 24, 14.9, 709
294, 1437, 2143, 438, 21, 12.7, 722
295, 276, 2144, 516, 23, 14.1, 674
296, 257, 2147, 389, 22, 14.1, 693
297, 232, 2149, 618, 21, 13.5, 838
298, 991, 2149, 357, 26, 14.7, 707
299, 219, 2153, 333, 28, 16.6, 759
300, 1399, 2153, 311, 28, 16.2, 708
301, 1003, 2154, 348, 22, 13.6, 711
302, 1730, 2154, 379, 23, 14.0, 659
303, 1948, 2156, 402, 22, 13.4, 716
304, 1703, 2158, 413, 22, 13.4, 716
305, 1093, 2160, 458, 25, 14.8, 754
306, 1577, 2162, 449, 17, 11.4, 681
307, 1454, 2163, 488, 20, 12.8, 689
308, 2356, 2163, 271, 31, 18.2, 726
309, 1386, 2164, 405, 26, 15.6, 765
310, 1181, 2165, 375, 25, 14.6, 678
311, 1398, 2166, 351, 35, 23.8, 790
312, 1544, 2167, 329, 29, 16.9, 625
313, 131, 2168, 386, 23, 14.1, 802
314, 2064, 2169, 420, 33, 17.5, 751
315, 2374, 2169, 586, 23, 14.1, 898
316, 1833, 2172, 270, 31, 17.8, 599
317, 1746, 2173, 406, 21, 13.4, 806
318, 3046, 2173, 571, 25, 14.8, 850
319, 2316, 2179, 323, 31, 16.7, 649
320, 545, 2181, 332, 24, 14.8, 744
321, 963, 2182, 267, 34, 17.9, 653
322, 1729, 2182, 312, 30, 17.5, 704
323, 131, 2183, 591, 27, 15.4, 981
324, 2338, 2183, 262, 39, 22.5, 799
325, 3081, 2183, 598, 25, 14.9, 758
326, 3598, 2183, 324, 37, 19.6, 837
327, 2200, 2185, 526, 23, 14.2, 738
328, 1814, 2189, 433, 21, 12.7, 651
329, 1742, 2190, 557, 23, 14.1, 799
330, 1401, 2193, 318, 35, 19.3, 653
331, 113, 2194, 1059, 22, 13.6, 1383
332, 869, 2194, 285, 34, 19.6, 587
333, 1873, 2194, 353, 19, 13.0, 636
334, 3379, 2196, 287, 28, 15.8, 649
335, 535, 2202, 1407, 21, 14.1, 1254
336, 3626, 2203, 412, 24, 14.1, 693
337, 985, 2204, 765, 30, 17.2, 938
338, 1383, 2205, 490, 26, 16.2, 824
339, 2189, 2206, 569, 20, 12.6, 799
340, 3564, 2210, 365, 25, 15.3, 677
341, 2218, 2211, 338, 24, 14.9, 758
342, 86, 2213, 857, 21, 12.7, 1041
343, 877, 2214, 419, 23, 14.1, 721
344, 2184, 2216, 321, 39, 25.1, 759
345, 538, 2217, 761, 19, 12.2, 997
346, 717, 2223, 474, 23, 14.0, 710
347, 1229, 2223, 330, 36, 19.6, 745
348, 1274, 2226, 290, 28, 16.0, 743
349, 1356, 2226, 301, 25, 15.9, 581
350, 1770, 2226, 336, 20, 13.8, 663
351, 129, 2227, 860, 26, 15.0, 993
352, 1259, 2229, 340, 28, 15.5, 799
353, 1671, 2230, 344, 24, 15.2, 759
354, 1246, 2233, 351, 24, 14.7, 735
355, 1683, 2235, 292, 36, 19.1, 725
356, 1037, 2238, 491, 22, 13.9, 716
357, 2217, 2238, 363, 26, 15.7, 766
358, 631, 2239, 557, 24, 15.3, 765
359, 1223, 2239, 1906, 22, 14.1, 1371
360, 1737, 2239, 265, 31, 17.1, 690
361, 1169, 2240, 1083, 22, 14.2, 968
362, 1519, 2241, 326, 30, 16.7, 688
363, 1673, 2241, 409, 28, 15.5, 820
364, 1293, 2242, 336, 20, 13.4, 659
365, 1659, 2242, 356, 31, 17.7, 798
366, 4040, 2245, 1162, 27, 20.1, 1795
367, 4056, 2245, 422, 24, 14.9, 679
368, 2181, 2246, 548, 25, 15.6, 901
369, 4026, 2246, 1339, 27, 15.8, 1812
370, 1696, 2247, 412, 26, 15.4, 813
371, 885, 2249, 494, 19, 12.8, 734
372, 346, 2251, 325, 28, 17.0, 604
373, 628, 2251, 716, 21, 13.3, 812
374, 2793, 2252, 396, 24, 14.9, 761
375, 1437, 2253, 468, 21, 14.1, 774
376, 499, 2254, 435, 32, 17.3, 861
377, 1184, 2254, 502, 22, 13.4, 828
378, 2038, 2254, 323, 25, 15.5, 658
379, 2051, 2254, 614, 23, 14.7, 760
380, 4048, 2254, 1251, 26, 17.0, 1625
381, 1671, 2255, 494, 30, 17.2, 874
382, 1686, 2255, 895, 25, 14.6, 1078
383, 4019, 2255, 1101, 28, 18.1, 1514
384, 4035, 2255, 1129, 21, 14.3, 1802
385, 3778, 2256, 286, 32, 17.3, 761
386, 610, 2257, 447, 19, 12.7, 755
387, 2310, 2257, 393, 27, 16.4, 774
388, 650, 2259, 270, 31, 17.4, 554
389, 2756, 2260, 450, 29, 16.2, 794
390, 573, 2261, 493, 26, 14.7, 739
391, 1145, 2262, 316, 27, 15.9, 750
392, 1823, 2263, 304, 27, 16.6, 641
393, 2007, 2264, 643, 23, 14.6, 834
394, 3022, 2264, 322, 35, 18.7, 628
395, 1229, 2265, 928, 22, 13.6, 1046
396, 304, 2266, 303, 28, 16.6, 731
397, 632, 2266, 355, 33, 18.5, 660
398, 901, 2267, 302, 28, 15.8, 637
399, 3839, 2267, 1726, 36, 19.0, 1891
400, 4016, 2267, 513, 36, 23.9, 1288
401, 4032, 2267, 1040, 38, 25.8, 1830
402, 553, 2269, 456, 22, 13.9, 763
403, 607, 2269, 372, 22, 14.2, 651
404, 2192, 2270, 544, 28, 15.9, 983
405, 661, 2271, 552, 29, 17.2, 724
406, 1210, 2271, 466, 24, 14.1, 830
407, 1493, 2271, 270, 34, 19.5, 736
408, 268, 2272, 330, 30, 18.0, 675
409, 1221, 2272, 723, 23, 14.1, 951
410, 2336, 2272, 397, 37, 22.3, 887
411, 2496, 2272, 333, 27, 15.4, 687
412, 713, 2273, 348, 32, 17.7, 774
413, 730, 2273, 405, 29, 16.7, 833
414, 2763, 2273, 655, 21, 13.5, 902
415, 1246, 2274, 1577, 20, 12.8, 1311
416, 2019, 2274, 524, 22, 13.4, 782
417, 2044, 2274, 516, 26, 15.3, 854
418, 996, 2275, 490, 21, 13.3, 706
419, 1646, 2275, 481, 31, 17.3, 856
420, 1189, 2276, 440, 26, 14.7, 827
421, 3851, 2276, 453, 34, 21.1, 1135
422, 795, 2277, 372, 20, 12.6, 661
423, 4026, 2277, 503, 28, 16.4, 1031
424, 964, 2279, 352, 29, 16.4, 601
425, 865, 2280, 252, 35, 18.4, 597
426, 1158, 2280, 721, 23, 14.1, 904
427, 1573, 2281, 350, 22, 14.1, 737
428, 2726, 2281, 371, 26, 15.5, 649
429, 2739, 2281, 317, 25, 15.5, 660
430, 804, 2285, 364, 21, 13.3, 842
431, 1238, 2285, 643, 22, 13.4, 906
432, 1281, 2285, 430, 20, 12.8, 712
433, 2353, 2285, 392, 23, 14.8, 795
434, 3850, 2285, 726, 28, 16.0, 1060
435, 1199, 2287, 848, 25, 15.2, 1019
436, 889, 2288, 411, 21, 13.5, 646
437, 2006, 2288, 714, 24, 14.1, 871
438, 304, 2289, 277, 32, 17.4, 607
439, 1581, 2291, 397, 33, 18.6, 768
440, 2370, 2291, 682, 23, 14.6, 868
441, 638, 2292, 292, 28, 16.7, 593
442, 978, 2292, 1570, 21, 13.3, 1084
443, 556, 2293, 361, 22, 14.7, 678
444, 1183, 2293, 708, 22, 13.8, 1024
445, 3865, 2294, 385, 26, 16.0, 872
446, 1060, 2296, 335, 30, 17.8, 808
447, 1629, 2296, 344, 29, 16.6, 790
448, 1078, 2297, 597, 24, 14.1, 876
449, 2324, 2299, 456, 37, 19.4, 888
450, 1231, 2301, 878, 22, 13.4, 1039
451, 2071, 2302, 382, 21, 13.3, 680
452, 1513, 2304, 500, 20, 12.8, 864
453, 1173, 2305, 439, 22, 13.4, 913
454, 1182, 2305, 459, 24, 14.1, 917
455, 1626, 2308, 527, 27, 15.5, 791
456, 2292, 2309, 471, 29, 16.7, 836
457, 636, 2310, 362, 27, 15.3, 503
458, 1507, 2310, 740, 20, 12.8, 960
459, 831, 2312, 504, 26, 14.7, 874
460, 1064, 2312, 309, 36, 18.4, 786
461, 1078, 2312, 898, 22, 14.1, 990
462, 2354, 2314, 1336, 20, 12.8, 1232
463, 1233, 2317, 377, 16, 10.8, 745
464, 1159, 2319, 314, 29, 16.0, 728
465, 1513, 2319, 601, 24, 14.1, 857
466, 1492, 2321, 463, 32, 17.7, 943
467, 1219, 2322, 302, 26, 15.4, 727
468, 2019, 2324, 572, 25, 14.6, 793
469, 816, 2325, 594, 23, 14.1, 997
470, 799, 2326, 415, 31, 16.8, 1081
471, 1061, 2326, 887, 21, 13.3, 981
472, 1198, 2327, 341, 22, 14.0, 682
473, 1091, 2328, 398, 25, 15.6, 756
474, 3562, 2329, 371, 26, 15.8, 698
475, 3151, 2331, 295, 29, 17.8, 711
476, 1516, 2332, 741, 24, 14.9, 1028
477, 1466, 2333, 350, 28, 16.8, 993
478, 789, 2334, 707, 25, 15.7, 1036
479, 2327, 2334, 607, 21, 13.6, 847
480, 2363, 2337, 501, 29, 16.0, 859
481, 2914, 2337, 272, 32, 18.9, 651
482, 1401, 2339, 565, 24, 14.1, 762
483, 3624, 2339, 237, 38, 21.3, 655
484, 773, 2341, 633, 23, 14.6, 829
485, 1460, 2342, 969, 19, 12.8, 1184
486, 1684, 2342, 587, 16, 11.4, 816
487, 2342, 2347, 401, 25, 15.5, 733
488, 1703, 2349, 662, 20, 13.4, 844
489, 3533, 2350, 923, 22, 15.2, 944
490, 1477, 2351, 561, 23, 14.8, 1207
491, 784, 2352, 450, 35, 20.0, 866
492, 1525, 2353, 409, 21, 13.3, 708
493, 62, 2355, 872, 22, 13.4, 1047
494, 1384, 2356, 323, 19, 12.8, 647
495, 2941, 2356, 329, 26, 15.6, 632
496, 806, 2358, 462, 21, 12.7, 864
497, 1493, 2358, 950, 20, 13.4, 1187
498, 1347, 2359, 364, 30, 18.0, 609
499, 3523, 2359, 348, 24, 14.1, 625
500, 1405, 2365, 297, 31, 16.8, 784
501, 1692, 2366, 393, 36, 19.8, 786
502, 1374, 2369, 1270, 17, 11.4, 973
503, 1423, 2370, 558, 26, 15.6, 830
504, 783, 2372, 386, 31, 18.2, 876
505, 1495, 2372, 287, 31, 17.1, 718
506, 2246, 2373, 293, 27, 15.6, 618
507, 2747, 2374, 472, 22, 13.9, 697
508, 1408, 2378, 909, 20, 12.8, 874
509, 2681, 2378, 319, 28, 16.3, 723
510, 34, 2381, 727, 21, 12.7, 1001
511, 2841, 2381, 443, 19, 12.7, 721
512, 2712, 2382, 465, 25, 15.0, 794
513, 1356, 2384, 439, 27, 16.7, 614
514, 3444, 2389, 389, 29, 15.9, 734
515, 3242, 2394, 630, 24, 14.1, 962
516, 3451, 2397, 509, 21, 13.3, 767
517, 2021, 2398, 285, 37, 21.0, 706
518, 3417, 2398, 406, 31, 17.2, 919
519, 2718, 2402, 548, 18, 12.1, 840
520, 2729, 2409, 525, 30, 17.8, 889
521, 3389, 2409, 389, 23, 14.1, 700
522, 3405, 2409, 688, 25, 15.3, 856
523, 2217, 2410, 965, 19, 12.2, 983
524, 701, 2411, 389, 23, 14.1, 584
525, 2451, 2416, 500, 25, 14.8, 766
526, 2493, 2418, 559, 18, 12.1, 859
527, 2674, 2418, 360, 23, 14.0, 698
528, 3252, 2421, 601, 22, 13.4, 889
529, 2708, 2422, 375, 27, 16.0, 686
530, 674, 2425, 371, 21, 12.7, 638
531, 2164, 2428, 366, 27, 15.5, 658
532, 2218, 2428, 429, 25, 14.6, 776
533, 1738, 2430, 361, 21, 12.7, 526
534, 3272, 2434, 362, 26, 16.1, 795
535, 2865, 2437, 380, 21, 13.7, 739
536, 3021, 2441, 430, 26, 15.5, 757
537, 3040, 2441, 518, 24, 14.5, 820
538, 3656, 2441, 316, 30, 17.8, 601
539, 1424, 2442, 613, 24, 14.6, 819
540, 2441, 2442, 424, 20, 12.6, 744
541, 2200, 2443, 467, 22, 13.4, 833
542, 1738, 2444, 699, 23, 14.1, 714
543, 3603, 2446, 587, 23, 14.1, 791
544, 2603, 2447, 265, 39, 22.5, 690
545, 1802, 2450, 1093, 19, 12.9, 771
546, 3010, 2450, 293, 27, 16.1, 642
547, 1391, 2451, 440, 23, 14.8, 651
548, 2183, 2452, 713, 24, 14.1, 759
549, 3633, 2452, 967, 26, 16.1, 1051
550, 2203, 2456, 448, 26, 16.1, 733
551, 2551, 2457, 298, 28, 17.9, 719
552, 2013, 2458, 342, 22, 13.6, 732
553, 242, 2459, 514, 30, 16.5, 911
554, 1434, 2460, 370, 23, 14.0, 675
555, 2225, 2460, 986, 24, 15.1, 1081
556, 2239, 2460, 560, 31, 18.7, 992
557, 3003, 2460, 452, 23, 14.1, 758
558, 3033, 2460, 317, 23, 14.9, 732
559, 1742, 2461, 293, 33, 18.5, 632
560, 1771, 2462, 308, 32, 18.0, 542
561, 1359, 2463, 351, 25, 15.5, 622
562, 256, 2466, 540, 22, 14.1, 1105
563, 2048, 2468, 373, 26, 15.3, 750
564, 265, 2470, 558, 25, 14.8, 1169
565, 2032, 2470, 865, 23, 14.8, 1027
566, 3661, 2471, 360, 23, 14.2, 637
567, 3557, 2474, 313, 20, 13.2, 703
568, 1370, 2475, 655, 21, 13.3, 828
569, 1423, 2475, 368, 23, 14.9, 801
570, 1770, 2475, 380, 32, 20.5, 677
571, 1147, 2477, 659, 25, 14.8, 778
572, 1163, 2478, 337, 23, 14.2, 629
573, 1406, 2479, 665, 27, 15.7, 982
574, 2224, 2479, 392, 33, 18.3, 881
575, 240, 2481, 397, 35, 18.4, 1071
576, 1750, 2481, 664, 19, 12.7, 737
577, 2503, 2481, 739, 24, 14.1, 901
578, 1089, 2483, 466, 23, 14.0, 763
579, 1036, 2489, 566, 26, 15.3, 774
580, 2247, 2489, 1348, 23, 14.1, 1123
581, 2235, 2490, 597, 25, 14.8, 926
582, 3506, 2490, 317, 32, 17.6, 860
583, 142, 2492, 683, 22, 13.4, 854
584, 1427, 2493, 323, 26, 16.4, 753
585, 3327, 2495, 359, 22, 13.9, 681
586, 118, 2496, 455, 21, 12.7, 586
587, 2847, 2496, 335, 34, 19.8, 709
588, 2046, 2498, 599, 22, 13.6, 923
589, 1173, 2499, 553, 18, 12.1, 677
590, 1221, 2502, 1037, 20, 13.4, 857
591, 2249, 2502, 375, 26, 15.3, 751
592, 1907, 2506, 353, 23, 14.1, 751
593, 3733, 2506, 451, 19, 12.2, 745
594, 1869, 2512, 303, 33, 17.3, 634
595, 3533, 2512, 350, 28, 15.8, 785
596, 582, 2514, 689, 23, 14.1, 760
597, 3323, 2514, 487, 21, 13.4, 834
598, 3742, 2514, 298, 35, 19.7, 671
599, 2037, 2515, 714, 24, 14.5, 966
600, 2105, 2515, 943, 21, 12.7, 1014
601, 3944, 2517, 327, 35, 18.6, 640
602, 1175, 2518, 556, 31, 17.0, 742
603, 2617, 2518, 607, 25, 14.8, 822
604, 3716, 2518, 395, 20, 12.6, 731
605, 1241, 2520, 412, 26, 15.5, 613
606, 2058, 2520, 938, 21, 13.3, 954
607, 1204, 2522, 679, 22, 13.4, 715
608, 3539, 2522, 319, 27, 15.4, 757
609, 23, 2523, 463, 29, 16.5, 1285
610, 154, 2523, 340, 23, 15.1, 648
611, 172, 2523, 248, 34, 17.5, 581
612, 3306, 2523, 414, 25, 15.2, 849
613, 2157, 2524, 462, 26, 15.0, 796
614, 1903, 2525, 1196, 22, 13.4, 1104
615, 1127, 2526, 395, 21, 13.6, 615
616, 511, 2528, 2290, 21, 13.3, 1427
617, 566, 2529, 1176, 21, 13.3, 991
618, 1924, 2532, 648, 28, 15.5, 892
619, 2021, 2532, 396, 27, 15.9, 770
620, 2864, 2532, 341, 32, 17.9, 757
621, 60, 2534, 627, 25, 15.4, 1093
622, 3709, 2534, 1330, 21, 14.0, 1190
623, 1625, 2535, 884, 20, 12.7, 1139
624, 2647, 2536, 318, 25, 15.2, 582
625, 1890, 2537, 663, 19, 12.7, 1027
626, 3731, 2537, 375, 20, 12.8, 634
627, 21, 2538, 303, 29, 17.5, 1107
628, 1638, 2538, 498, 17, 11.4, 891
629, 683, 2539, 1738, 24, 14.7, 1236
630, 171, 2540, 317, 27, 15.5, 793
631, 546, 2540, 742, 20, 13.3, 1053
632, 1881, 2540, 613, 25, 14.6, 1104
633, 1905, 2540, 411, 27, 16.2, 778
634, 2066, 2540, 961, 23, 14.0, 1208
635, 51, 2541, 682, 20, 13.2, 1428
636, 157, 2541, 832, 23, 14.2, 968
637, 1223, 2541, 624, 22, 14.1, 808
638, 2046, 2541, 602, 22, 13.6, 880
639, 3908, 2541, 287, 39, 21.5, 639
640, 2522, 2542, 627, 21, 13.3, 967
641, 2613, 2542, 1109, 19, 12.9, 1022
642, 2716, 2542, 424, 26, 15.5, 739
643, 2852, 2543, 356, 39, 20.6, 853
644, 1656, 2544, 512, 25, 14.8, 796
645, 1894, 2544, 574, 25, 14.8, 992
646, 2509, 2544, 259, 39, 20.0, 826
647, 558, 2546, 483, 22, 13.8, 776
648, 1940, 2546, 390, 22, 14.1, 651
649, 3115, 2546, 387, 35, 20.5, 797
650, 704, 2547, 476, 27, 15.5, 820
651, 1924, 2548, 772, 24, 14.1, 976
652, 3182, 2548, 290, 30, 16.7, 642
653, 2078, 2549, 358, 26, 15.9, 793
654, 2811, 2549, 801, 26, 16.1, 908
655, 1210, 2550, 421, 22, 13.4, 618
656, 281, 2551, 348, 22, 14.1, 740
657, 2111, 2551, 586, 27, 15.4, 905
658, 2857, 2551, 512, 29, 16.4, 964
659, 122, 2552, 419, 22, 13.4, 799
660, 2749, 2552, 323, 29, 16.5, 609
661, 2763, 2552, 294, 36, 18.5, 590
662, 2632, 2553, 972, 22, 13.4, 817
663, 237, 2554, 295, 28, 16.0, 899
664, 666, 2554, 561, 24, 14.9, 800
665, 2646, 2554, 352, 20, 13.3, 587
666, 2134, 2555, 946, 22, 13.4, 1022
667, 684, 2556, 325, 30, 17.3, 835
668, 646, 2557, 517, 26, 15.5, 780
669, 1841, 2557, 679, 21, 13.3, 886
670, 521, 2559, 1027, 24, 14.1, 950
671, 713, 2560, 572, 19, 12.2, 993
672, 702, 2561, 381, 24, 14.1, 981
673, 2105, 2561, 1304, 19, 12.7, 1127
674, 3157, 2561, 327, 27, 15.5, 735
675, 503, 2562, 351, 21, 13.5, 724
676, 2521, 2562, 1356, 18, 12.1, 1261
677, 3689, 2562, 925, 25, 16.2, 950
678, 1820, 2564, 414, 31, 18.0, 659
679, 1850, 2564, 370, 31, 18.0, 742
680, 3128, 2565, 333, 35, 19.1, 784
681, 3138, 2567, 332, 30, 17.3, 778
682, 1947, 2568, 395, 24, 14.7, 590
683, 2619, 2569, 356, 24, 14.1, 637
684, 663, 2571, 244, 39, 19.5, 580
685, 1658, 2572, 288, 29, 16.8, 610
686, 1841, 2572, 360, 20, 13.4, 744
687, 1898, 2573, 439, 24, 14.5, 866
688, 3060, 2573, 271, 31, 17.9, 622
689, 3436, 2573, 422, 22, 14.1, 687
690, 3945, 2573, 457, 25, 15.3, 753
691, 2750, 2574, 623, 20, 12.6, 745
692, 1866, 2577, 545, 29, 16.6, 912
693, 3158, 2577, 384, 31, 17.7, 805
694, 3230, 2577, 313, 28, 15.9, 741
695, 1921, 2578, 590, 22, 14.1, 894
696, 694, 2581, 327, 22, 13.4, 714
697, 2065, 2582, 799, 32, 18.5, 990
698, 2158, 2582, 356, 29, 16.7, 884
699, 2122, 2583, 496, 24, 14.6, 1039
700, 943, 2586, 438, 26, 15.3, 687
701, 3414, 2587, 366, 23, 14.1, 734
702, 3055, 2589, 316, 22, 14.0, 676
703, 3495, 2593, 293, 31, 17.0, 675
704, 1877, 2597, 418, 22, 13.4, 729
705, 3384, 2597, 483, 21, 12.7, 883
706, 975, 2598, 563, 25, 15.1, 709
707, 2113, 2601, 388, 18, 12.1, 825
708, 579, 2603, 516, 23, 14.2, 836
709, 2163, 2603, 509, 27, 15.4, 835
710, 2493, 2604, 497, 29, 16.0, 820
711, 557, 2606, 623, 22, 14.3, 930
712, 3385, 2612, 618, 24, 14.8, 879
713, 3466, 2614, 466, 23, 14.0, 802
714, 2517, 2616, 382, 23, 15.2, 779
715, 2475, 2617, 487, 22, 14.1, 756
716, 567, 2618, 729, 23, 14.1, 1032
717, 999, 2618, 393, 22, 14.1, 847
718, 983, 2620, 897, 20, 13.4, 1006
719, 754, 2621, 438, 19, 12.2, 625
720, 2118, 2625, 324, 32, 17.4, 832
721, 528, 2626, 517, 19, 12.7, 677
722, 952, 2626, 1751, 23, 14.2, 1444
723, 2618, 2627, 627, 26, 15.9, 886
724, 552, 2629, 1305, 20, 13.5, 1102
725, 543, 2638, 458, 23, 14.7, 727
726, 2106, 2638, 405, 21, 13.3, 921
727, 2647, 2638, 786, 21, 12.7, 931
728, 552, 2640, 1083, 23, 14.1, 1060
729, 2669, 2644, 497, 26, 15.4, 748
730, 2105, 2651, 887, 23, 14.0, 1103
731, 2619, 2652, 550, 29, 16.8, 840
732, 2900, 2652, 381, 25, 14.6, 710
733, 1193, 2653, 621, 21, 12.7, 844
734, 523, 2658, 750, 16, 10.8, 854
735, 2121, 2659, 650, 20, 13.4, 946
736, 2609, 2662, 549, 22, 13.4, 709
737, 3976, 2664, 488, 26, 16.5, 990
738, 2962, 2665, 319, 25, 15.3, 705
739, 544, 2669, 346, 23, 14.0, 656
740, 1224, 2669, 923, 24, 14.7, 1051
741, 2665, 2669, 417, 24, 14.9, 657
742, 1944, 2672, 289, 35, 18.4, 761
743, 2082, 2672, 559, 24, 14.7, 1084
744, 2034, 2673, 387, 23, 14.6, 838
745, 3969, 2673, 585, 30, 17.5, 968
746, 1645, 2674, 419, 20, 13.7, 650
747, 2878, 2674, 655, 23, 14.9, 769
748, 1878, 2675, 733, 21, 14.3, 799
749, 1692, 2676, 367, 33, 18.0, 795
750, 1707, 2676, 376, 24, 15.4, 760
751, 2043, 2676, 348, 29, 16.0, 832
752, 463, 2678, 437, 23, 14.7, 724
753, 2627, 2679, 402, 25, 14.6, 649
754, 1936, 2681, 319, 27, 15.5, 862
755, 2791, 2683, 471, 24, 14.7, 794
756, 457, 2687, 332, 25, 16.2, 807
757, 1682, 2688, 642, 22, 14.2, 901
758, 1697, 2688, 665, 22, 13.4, 935
759, 2099, 2690, 737, 24, 15.2, 1149
760, 1206, 2691, 2491, 24, 14.1, 2039
761, 3109, 2691, 580, 26, 15.6, 888
762, 1658, 2692, 295, 22, 14.1, 617
763, 1922, 2692, 321, 33, 19.2, 904
764, 1910, 2693, 622, 21, 13.4, 949
765, 3665, 2694, 425, 23, 14.0, 794
766, 3685, 2694, 321, 39, 21.5, 736
767, 1920, 2705, 469, 30, 18.8, 830
768, 3638, 2705, 313, 37, 19.5, 765
769, 1934, 2706, 374, 29, 19.4, 896
770, 2064, 2706, 388, 29, 16.9, 853
771, 1229, 2707, 696, 22, 13.4, 975
772, 1244, 2708, 426, 32, 18.6, 816
773, 1714, 2710, 639, 20, 12.6, 880
774, 3279, 2710, 639, 23, 14.7, 942
775, 3533, 2712, 706, 24, 14.9, 862
776, 2768, 2713, 979, 23, 14.1, 1067
777, 2781, 2713, 761, 20, 12.8, 1056
778, 3371, 2713, 348, 38, 21.4, 801
779, 3385, 2713, 647, 26, 15.5, 1008
780, 1219, 2714, 353, 28, 18.5, 818
781, 2806, 2714, 532, 21, 12.7, 744
782, 3131, 2716, 413, 29, 16.5, 894
783, 3647, 2716, 561, 25, 14.8, 851
784, 1236, 2717, 1448, 26, 15.3, 1283
785, 1942, 2718, 376, 23, 14.5, 890
786, 3254, 2718, 404, 18, 12.1, 825
787, 3081, 2719, 373, 25, 15.2, 737
788, 3269, 2719, 284, 37, 19.7, 818
789, 2741, 2724, 519, 20, 13.4, 765
790, 1201, 2725, 781, 21, 13.3, 942
791, 1213, 2725, 839, 21, 13.6, 911
792, 1186, 2726, 1259, 19, 12.7, 1060
793, 1068, 2728, 691, 19, 12.8, 899
794, 1246, 2728, 517, 27, 16.6, 785
795, 3297, 2728, 548, 22, 13.4, 794
796, 3130, 2735, 345, 27, 15.4, 721
797, 2788, 2737, 755, 25, 15.2, 816
798, 3666, 2739, 355, 26, 16.4, 793
799, 1214, 2741, 791, 27, 16.3, 1043
800, 1549, 2746, 1144, 19, 12.9, 1038
801, 1574, 2750, 398, 22, 13.6, 820
802, 2692, 2752, 355, 25, 15.3, 703
803, 1098, 2753, 297, 23, 14.7, 673
804, 1553, 2754, 989, 26, 15.4, 1124
805, 2765, 2761, 402, 25, 14.8, 673
806, 1596, 2762, 414, 24, 14.1, 742
807, 2703, 2762, 712, 26, 16.0, 943
808, 2807, 2762, 349, 25, 15.9, 686
809, 2748, 2766, 576, 23, 14.1, 761
810, 1233, 2768, 323, 26, 15.5, 680
811, 3775, 2768, 360, 30, 18.3, 669
812, 2728, 2770, 686, 24, 14.1, 887
813, 3792, 2770, 935, 23, 14.4, 1056
814, 1507, 2771, 469, 27, 16.2, 818
815, 1478, 2772, 404, 22, 14.3, 788
816, 1056, 2773, 614, 20, 12.8, 790
817, 2910, 2774, 355, 25, 14.6, 760
818, 2868, 2775, 350, 25, 15.5, 709
819, 2729, 2778, 626, 25, 15.0, 870
820, 3028, 2778, 704, 23, 14.1, 842
821, 1470, 2784, 317, 31, 17.4, 721
822, 3790, 2785, 342, 27, 17.2, 831
823, 1330, 2789, 396, 25, 14.6, 734
824, 3824, 2790, 346, 26, 15.4, 772
825, 1499, 2791, 3193, 22, 13.4, 1996
826, 1314, 2794, 387, 18, 12.8, 638
827, 1343, 2794, 475, 25, 14.6, 828
828, 2756, 2794, 731, 22, 13.4, 834
829, 2884, 2795, 489, 31, 16.8, 889
830, 2729, 2797, 408, 20, 12.8, 710
831, 2924, 2798, 396, 27, 16.3, 740
832, 2465, 2799, 279, 29, 16.7, 732
833, 2910, 2799, 342, 25, 14.8, 691
834, 1370, 2800, 618, 23, 14.9, 880
835, 3037, 2802, 714, 20, 12.6, 889
836, 731, 2803, 345, 23, 14.1, 763
837, 3526, 2803, 362, 29, 17.3, 796
838, 3779, 2803, 406, 24, 14.1, 757
839, 347, 2804, 288, 31, 17.1, 625
840, 752, 2804, 390, 28, 16.0, 747
841, 1306, 2805, 521, 25, 15.4, 733
842, 105, 2808, 438, 21, 13.3, 624
843, 325, 2808, 322, 20, 12.8, 732
844, 2902, 2808, 816, 20, 13.2, 857
845, 1342, 2809, 550, 23, 14.1, 949
846, 125, 2810, 441, 18, 12.3, 677
847, 723, 2811, 338, 23, 14.6, 780
848, 1381, 2811, 416, 34, 18.6, 826
849, 1396, 2812, 399, 26, 15.3, 700
850, 1317, 2813, 752, 20, 13.4, 821
851, 145, 2814, 539, 20, 12.8, 663
852, 315, 2816, 296, 32, 18.1, 688
853, 739, 2816, 723, 22, 14.1, 991
854, 2296, 2816, 245, 33, 18.3, 689
855, 3315, 2819, 337, 33, 17.8, 677
856, 1324, 2821, 1363, 21, 12.7, 1086
857, 2962, 2825, 790, 22, 13.4, 899
858, 2458, 2826, 435, 23, 14.1, 858
859, 3070, 2827, 499, 21, 13.4, 888
860, 1365, 2833, 625, 19, 12.2, 829
861, 1408, 2834, 312, 29, 16.7, 656
862, 1385, 2836, 319, 35, 19.5, 715
863, 2378, 2836, 444, 22, 13.4, 916
864, 2417, 2836, 403, 20, 12.8, 628
865, 1335, 2837, 445, 25, 15.5, 729
866, 2893, 2837, 554, 23, 14.0, 685
867, 2340, 2838, 736, 22, 13.4, 947
868, 2495, 2840, 279, 31, 17.5, 744
869, 2868, 2840, 479, 25, 14.6, 718
870, 3383, 2841, 296, 29, 16.7, 707
871, 2805, 2843, 524, 23, 14.1, 817
872, 2957, 2843, 435, 24, 14.7, 837
873, 1395, 2844, 454, 23, 14.0, 713
874, 1376, 2845, 937, 24, 14.7, 1088
875, 1343, 2846, 707, 22, 14.0, 944
876, 2478, 2846, 665, 19, 12.9, 1064
877, 2971, 2848, 628, 24, 15.3, 815
878, 2321, 2849, 710, 20, 13.9, 943
879, 2359, 2849, 943, 24, 14.1, 1090
880, 2916, 2851, 350, 28, 17.0, 705
881, 3584, 2852, 335, 27, 16.8, 751
882, 1378, 2855, 409, 23, 14.1, 775
883, 2819, 2855, 486, 27, 15.3, 792
884, 2328, 2856, 547, 26, 15.5, 852
885, 3573, 2857, 392, 25, 14.8, 714
886, 1088, 2859, 527, 23, 14.0, 699
887, 1112, 2862, 781, 23, 14.8, 812
888, 2365, 2862, 1245, 19, 12.9, 1200
889, 2957, 2863, 639, 21, 12.7, 794
890, 2447, 2864, 381, 25, 14.6, 719
891, 3632, 2866, 569, 31, 19.4, 957
892, 3997, 2867, 466, 26, 15.0, 769
893, 2478, 2868, 933, 29, 17.2, 1122
894, 2500, 2868, 701, 26, 16.4, 978
895, 1131, 2869, 523, 19, 12.7, 754
896, 2819, 2869, 683, 23, 14.9, 1085
897, 2792, 2871, 802, 26, 15.6, 1166
898, 3400, 2871, 346, 35, 18.2, 641
899, 2336, 2872, 472, 23, 14.1, 757
900, 2323, 2874, 497, 25, 14.6, 911
901, 2400, 2877, 613, 20, 12.8, 817
902, 2925, 2878, 377, 23, 14.5, 741
903, 3488, 2879, 307, 30, 17.7, 710
904, 3982, 2881, 516, 21, 12.7, 746
905, 2478, 2882, 359, 28, 16.0, 812
906, 1391, 2883, 371, 18, 12.5, 692
907, 3970, 2883, 417, 24, 14.9, 725
908, 1126, 2884, 1065, 21, 13.3, 1019
909, 1165, 2885, 1096, 19, 12.7, 1110
910, 2328, 2885, 525, 23, 14.0, 810
911, 2380, 2885, 735, 21, 13.3, 798
912, 3230, 2885, 339, 35, 18.6, 710
913, 2940, 2886, 499, 27, 15.3, 722
914, 3451, 2886, 524, 26, 15.5, 854
915, 3693, 2887, 659, 24, 14.5, 876
916, 2489, 2889, 518, 30, 18.3, 969
917, 1110, 2891, 2413, 22, 13.6, 1960
918, 3631, 2891, 407, 27, 16.1, 771
919, 1087, 2892, 369, 24, 14.7, 676
920, 1363, 2892, 273, 33, 18.0, 550
921, 2830, 2892, 370, 20, 12.8, 772
922, 1178, 2894, 492, 34, 19.3, 941
923, 3975, 2894, 470, 22, 13.9, 772
924, 1166, 2896, 829, 21, 12.7, 971
925, 2511, 2896, 366, 26, 15.4, 815
926, 508, 2897, 304, 21, 12.7, 656
927, 3960, 2897, 334, 27, 15.9, 711
928, 1126, 2898, 458, 21, 13.3, 782
929, 1196, 2898, 340, 23, 15.2, 757
930, 2357, 2898, 682, 19, 12.7, 838
931, 2802, 2898, 498, 24, 14.1, 860
932, 1452, 2899, 692, 23, 14.1, 734
933, 1377, 2903, 282, 29, 16.9, 583
934, 1439, 2903, 317, 27, 15.4, 605
935, 500, 2905, 341, 21, 13.7, 626
936, 1394, 2906, 326, 34, 19.6, 693
937, 1101, 2907, 385, 25, 14.6, 743
938, 1421, 2907, 844, 21, 14.1, 884
939, 3634, 2907, 258, 38, 19.6, 687
940, 2770, 2908, 412, 20, 13.7, 631
941, 2794, 2909, 406, 26, 15.0, 720
942, 3106, 2909, 313, 26, 15.6, 710
943, 2811, 2910, 535, 23, 14.1, 733
944, 1197, 2912, 329, 25, 15.3, 591
945, 3985, 2912, 370, 31, 16.7, 738
946, 3713, 2914, 306, 32, 19.0, 747
947, 3154, 2915, 379, 24, 14.1, 784
948, 3671, 2916, 574, 29, 16.2, 807
949, 1420, 2918, 445, 34, 19.6, 777
950, 1410, 2920, 1444, 20, 12.8, 1212
951, 3585, 2920, 287, 38, 21.5, 675
952, 1376, 2921, 971, 21, 13.3, 920
953, 1403, 2924, 619, 23, 14.1, 860
954, 1386, 2926, 1011, 22, 13.6, 901
955, 1441, 2926, 671, 22, 13.4, 844
956, 1455, 2927, 417, 22, 14.1, 745
957, 3960, 2927, 360, 28, 16.0, 759
958, 3879, 2930, 328, 29, 17.3, 734
959, 3891, 2930, 320, 37, 22.0, 730
960, 1414, 2932, 1436, 25, 15.4, 1132
961, 1513, 2932, 426, 23, 14.0, 741
962, 3370, 2937, 398, 16, 11.5, 700
963, 3107, 2938, 302, 24, 14.1, 662
964, 1457, 2941, 853, 23, 14.1, 1003
965, 1518, 2947, 371, 25, 15.5, 648
966, 1415, 2952, 491, 25, 14.6, 655
967, 3416, 2953, 372, 21, 13.3, 680
968, 3926, 2959, 530, 26, 16.1, 745
969, 3117, 2960, 311, 26, 14.7, 638
970, 2986, 2961, 378, 36, 19.7, 823
971, 3859, 2962, 425, 24, 14.7, 815
972, 2211, 2966, 453, 24, 14.7, 766
973, 3886, 2972, 297, 27, 16.0, 672
974, 2235, 2974, 460, 22, 13.4, 740
975, 3653, 2980, 338, 26, 16.3, 693
976, 2243, 2984, 294, 36, 20.2, 888
977, 3070, 2985, 611, 26, 15.7, 911
978, 2218, 2990, 324, 21, 14.0, 656
979, 2266, 2991, 1376, 21, 13.3, 1234
980, 4050, 2991, 327, 29, 17.5, 702
981, 4037, 2994, 393, 21, 13.3, 784
982, 3143, 2997, 342, 25, 15.3, 664
983, 3753, 2999, 303, 39, 23.6, 784
984, 3779, 2999, 302, 39, 23.7, 680
985, 3617, 3004, 493, 21, 13.7, 898
986, 2307, 3005, 497, 28, 17.3, 885
987, 2345, 3005, 707, 20, 13.5, 919
988, 3059, 3005, 537, 22, 14.1, 752
989, 2291, 3008, 538, 29, 16.7, 1094
990, 4022, 3008, 587, 25, 14.8, 910
991, 242, 3012, 440, 20, 12.8, 671
992, 3081, 3013, 344, 21, 14.3, 728
993, 218, 3015, 437, 22, 14.1, 627
994, 2317, 3016, 546, 27, 16.7, 818
995, 249, 3018, 466, 24, 14.1, 634
996, 3480, 3022, 408, 25, 15.5, 678
997, 195, 3023, 502, 21, 13.3, 717
998, 3154, 3023, 864, 22, 14.1, 995
999, 3186, 3030, 344, 20, 13.4, 659
1000, 159, 3031, 324, 30, 17.4, 679
1001, 3065, 3032, 449, 27, 15.5, 746
1002, 3955, 3032, 425, 20, 13.4, 754
1003, 4007, 3032, 369, 30, 17.5, 760
1004, 2847, 3033, 331, 22, 14.4, 683
1005, 173, 3034, 270, 37, 19.8, 675
1006, 2837, 3035, 366, 22, 13.9, 693
1007, 3165, 3036, 530, 24, 14.6, 804
1008, 202, 3037, 686, 24, 14.8, 947
1009, 3963, 3038, 369, 20, 12.6, 750
1010, 233, 3039, 558, 19, 13.3, 922
1011, 3541, 3040, 379, 23, 14.1, 826
1012, 224, 3041, 548, 22, 14.8, 1046
1013, 3268, 3043, 573, 26, 15.3, 724
1014, 3728, 3043, 317, 33, 18.0, 732
1015, 240, 3047, 391, 22, 13.4, 759
1016, 184, 3048, 299, 33, 18.3, 638
1017, 3449, 3048, 465, 27, 16.0, 801
1018, 3179, 3051, 277, 29, 17.0, 626
1019, 3709, 3052, 378, 23, 14.0, 754
1020, 3307, 3053, 370, 23, 14.8, 663
1021, 214, 3054, 1747, 23, 14.1, 1468
1022, 3253, 3057, 645, 27, 15.5, 837
1023, 225, 3061, 1569, 18, 12.1, 1415
1024, 2831, 3062, 495, 23, 14.1, 837
1025, 2893, 3065, 574, 19, 12.9, 735
1026, 3546, 3066, 635, 25, 14.6, 1014
1027, 3112, 3068, 495, 26, 14.7, 849
1028, 3130, 3068, 632, 19, 12.2, 859
1029, 3577, 3068, 635, 22, 13.4, 812
1030, 258, 3074, 336, 26, 14.7, 810
1031, 2825, 3074, 277, 36, 18.8, 762
1032, 3914, 3076, 378, 25, 15.5, 642
1033, 3234, 3081, 444, 22, 13.9, 725
1034, 3545, 3081, 407, 23, 14.7, 923
1035, 2851, 3082, 1304, 24, 14.1, 1247
1036, 1726, 3083, 2250, 20, 12.8, 1277
1037, 1756, 3084, 1082, 22, 13.4, 954
1038, 1691, 3085, 1239, 22, 13.4, 984
1039, 252, 3088, 487, 28, 16.2, 875
1040, 3532, 3088, 396, 36, 19.9, 982
1041, 3189, 3089, 339, 25, 15.8, 624
1042, 3309, 3089, 377, 24, 14.9, 674
1043, 1765, 3090, 375, 26, 15.0, 751
1044, 2874, 3090, 848, 19, 12.2, 976
1045, 3933, 3090, 525, 26, 16.1, 733
1046, 2921, 3092, 626, 21, 13.4, 755
1047, 3941, 3092, 565, 25, 15.5, 691
1048, 3288, 3093, 370, 25, 15.3, 729
1049, 3352, 3095, 322, 25, 14.8, 740
1050, 3143, 3098, 316, 27, 15.7, 778
1051, 1679, 3105, 304, 23, 14.1, 529
1052, 3354, 3106, 600, 21, 14.1, 882
1053, 3306, 3108, 545, 21, 12.7, 764
1054, 1698, 3110, 1324, 20, 12.6, 1085
1055, 1725, 3111, 577, 22, 14.1, 755
1056, 3366, 3112, 373, 28, 16.7, 861
1057, 1689, 3114, 717, 19, 13.4, 861
1058, 3385, 3115, 290, 34, 18.4, 784
1059, 3319, 3117, 537, 23, 14.6, 714
1060, 2893, 3125, 286, 29, 15.9, 789
1061, 3422, 3129, 327, 21, 13.3, 694
1062, 1655, 3132, 318, 17, 12.2, 613
1063, 3870, 3132, 320, 25, 16.1, 684
1064, 3319, 3133, 806, 27, 15.3, 895
1065, 3301, 3134, 892, 23, 14.6, 850
1066, 3332, 3134, 456, 21, 13.3, 794
1067, 3787, 3134, 321, 34, 18.7, 703
1068, 3904, 3134, 339, 24, 14.6, 715
1069, 3728, 3139, 360, 33, 17.9, 900
1070, 3421, 3144, 572, 28, 16.1, 866
1071, 3342, 3147, 531, 19, 12.7, 794
1072, 3353, 3159, 912, 26, 14.7, 978
1073, 3886, 3162, 293, 21, 14.1, 693
1074, 3433, 3166, 842, 19, 12.2, 928
1075, 1082, 3167, 523, 22, 14.1, 594
1076, 3340, 3170, 760, 27, 15.5, 1033
1077, 3466, 3172, 430, 22, 14.2, 807
1078, 3365, 3173, 517, 21, 13.6, 748
1079, 3491, 3175, 454, 24, 14.6, 744
1080, 3458, 3178, 425, 19, 12.8, 736
1081, 3401, 3182, 514, 25, 15.2, 763
1082, 3653, 3183, 512, 21, 13.4, 737
1083, 3476, 3190, 588, 29, 16.7, 892
1084, 3316, 3192, 639, 24, 14.1, 707
1085, 3441, 3192, 345, 34, 19.9, 833
1086, 3403, 3195, 373, 30, 16.6, 698
1087, 3769, 3197, 482, 17, 12.2, 780
1088, 3869, 3197, 528, 25, 15.4, 775
1089, 3425, 3199, 467, 22, 13.4, 850
1090, 3969, 3199, 466, 24, 14.5, 927
1091, 3775, 3206, 365, 26, 16.4, 694
1092, 3362, 3207, 784, 20, 13.4, 822
1093, 3349, 3209, 573, 23, 14.1, 726
1094, 3436, 3211, 672, 29, 16.1, 931
1095, 3671, 3214, 774, 26, 15.9, 1071
1096, 3756, 3216, 360, 25, 15.5, 731
1097, 3837, 3218, 602, 21, 12.7, 772
1098, 3219, 3219, 462, 35, 19.2, 866
1099, 3771, 3224, 303, 33, 18.4, 676
1100, 2102, 3225, 408, 22, 14.1, 899
1101, 2930, 3225, 365, 28, 16.5, 900
1102, 3246, 3225, 379, 19, 12.7, 901
1103, 3450, 3225, 402, 26, 15.6, 729
1104, 3880, 3225, 271, 32, 18.2, 767
1105, 3975, 3225, 479, 27, 15.3, 1003
1106, 3751, 3226, 635, 27, 16.8, 948
1107, 3682, 3227, 322, 32, 18.2, 814
1108, 1404, 3229, 429, 21, 14.0, 506
1109, 3790, 3229, 431, 25, 15.7, 728
1110, 3258, 3231, 411, 36, 19.2, 996
1111, 3745, 3236, 571, 20, 12.8, 819
1112, 3862, 3237, 483, 19, 12.2, 812
1113, 3952, 3238, 331, 32, 17.2, 772
1114, 3268, 3239, 328, 32, 19.0, 1044
1115, 3639, 3241, 552, 24, 14.7, 893
1116, 4059, 3242, 470, 30, 16.9, 730
1117, 2034, 3244, 1039, 19, 12.2, 882
1118, 3890, 3244, 370, 25, 14.8, 764
1119, 2939, 3245, 1607, 25, 14.9, 1576
1120, 2082, 3246, 1027, 21, 12.7, 1067
1121, 3870, 3246, 617, 19, 12.2, 851
1122, 2055, 3248, 567, 25, 14.8, 664
1123, 3759, 3248, 474, 21, 13.9, 725
1124, 4077, 3249, 368, 19, 12.2, 700
1125, 2923, 3250, 407, 28, 16.2, 913
1126, 2095, 3252, 374, 25, 15.6, 766
1127, 1899, 3257, 427, 24, 15.1, 691
1128, 2931, 3257, 317, 34, 18.3, 839
1129, 4050, 3258, 651, 24, 14.4, 858
1130, 2976, 3261, 594, 21, 13.3, 1067
1131, 3775, 3261, 1013, 24, 14.1, 921
1132, 3883, 3265, 331, 29, 16.7, 791
1133, 1646, 3267, 342, 19, 12.8, 504
1134, 3496, 3268, 282, 29, 17.0, 667
1135, 747, 3269, 703, 20, 12.8, 814
1136, 2069, 3269, 655, 21, 13.3, 797
1137, 2084, 3270, 436, 27, 15.9, 658
1138, 2966, 3270, 310, 32, 19.8, 999
1139, 2056, 3271, 363, 27, 16.3, 605
1140, 2342, 3271, 433, 26, 15.5, 691
1141, 736, 3275, 457, 27, 16.1, 661
1142, 2298, 3275, 600, 22, 13.8, 758
1143, 4043, 3276, 663, 23, 14.1, 847
1144, 4081, 3280, 857, 19, 12.2, 962
1145, 695, 3282, 494, 26, 15.5, 784
1146, 4019, 3282, 399, 26, 16.0, 693
1147, 4062, 3283, 1234, 21, 13.7, 991
1148, 1925, 3286, 600, 21, 12.7, 659
1149, 710, 3287, 878, 21, 13.3, 907
1150, 770, 3289, 642, 18, 12.5, 870
1151, 2287, 3289, 455, 24, 14.7, 816
1152, 1218, 3290, 1223, 18, 12.1, 844
1153, 751, 3292, 594, 26, 15.6, 868
1154, 1192, 3294, 309, 30, 16.9, 580
1155, 4017, 3297, 498, 21, 12.7, 732
1156, 4048, 3297, 383, 22, 14.1, 816
1157, 731, 3298, 412, 24, 14.7, 730
1158, 3575, 3299, 412, 27, 16.3, 730
1159, 2328, 3304, 455, 22, 13.8, 904
1160, 1237, 3305, 1154, 20, 12.8, 905
1161, 726, 3309, 584, 22, 14.1, 852
1162, 3633, 3309, 378, 19, 12.7, 704
1163, 4076, 3311, 1102, 21, 13.7, 1060
1164, 298, 3312, 422, 19, 13.1, 901
1165, 3669, 3314, 332, 32, 17.9, 706
1166, 821, 3316, 1365, 22, 13.6, 1262
1167, 3785, 3316, 381, 23, 14.7, 746
1168, 801, 3320, 381, 20, 12.8, 828
1169, 728, 3321, 438, 26, 15.3, 752
1170, 742, 3321, 353, 30, 18.9, 728
1171, 775, 3321, 432, 25, 14.6, 1005
1172, 1222, 3324, 523, 23, 14.7, 648
1173, 3627, 3324, 712, 22, 13.4, 893
1174, 763, 3325, 352, 35, 18.6, 900
1175, 2319, 3325, 668, 22, 13.4, 887
1176, 3799, 3327, 356, 34, 19.1, 846
1177, 833, 3329, 392, 27, 15.5, 652
1178, 781, 3331, 930, 23, 14.0, 957
1179, 3827, 3335, 437, 28, 17.0, 859
1180, 3638, 3341, 718, 23, 14.1, 874
1181, 1275, 3343, 319, 32, 17.9, 597
1182, 3797, 3345, 314, 23, 14.1, 873
1183, 3291, 3356, 752, 23, 14.1, 826
1184, 2364, 3366, 1220, 23, 14.1, 1043
1185, 3654, 3368, 325, 28, 16.7, 710
1186, 3613, 3370, 325, 33, 17.9, 705
1187, 2344, 3372, 486, 29, 17.0, 805
1188, 1920, 3373, 808, 27, 16.0, 779
1189, 2333, 3376, 368, 23, 14.0, 706
1190, 2366, 3379, 316, 36, 18.6, 683
1191, 3623, 3382, 803, 21, 14.1, 889
1192, 329, 3385, 298, 26, 16.9, 686
1193, 4049, 3385, 440, 26, 15.4, 791
1194, 2562, 3386, 368, 22, 13.4, 654
1195, 2254, 3389, 458, 22, 13.4, 678
1196, 2521, 3389, 291, 29, 16.1, 667
1197, 3750, 3392, 397, 28, 17.0, 759
1198, 4084, 3392, 339, 36, 18.4, 875
1199, 3793, 3393, 588, 19, 12.9, 856
1200, 4064, 3394, 353, 24, 15.3, 769
1201, 3929, 3395, 250, 39, 19.4, 678
1202, 3761, 3396, 518, 26, 17.0, 835
1203, 2641, 3397, 906, 22, 13.4, 905
1204, 3778, 3397, 382, 37, 19.8, 833
1205, 3960, 3397, 335, 29, 17.3, 721
1206, 2558, 3400, 1393, 21, 12.7, 1168
1207, 2606, 3405, 867, 20, 12.8, 940
1208, 2236, 3406, 1278, 20, 12.8, 1025
1209, 2255, 3406, 723, 26, 15.3, 835
1210, 3786, 3406, 799, 24, 14.7, 999
1211, 4060, 3411, 455, 28, 16.0, 1012
1212, 2626, 3412, 504, 25, 14.8, 779
1213, 2527, 3415, 417, 37, 19.7, 834
1214, 3708, 3415, 499, 28, 16.6, 765
1215, 4072, 3416, 309, 32, 17.4, 827
1216, 2680, 3417, 288, 29, 16.6, 598
1217, 3930, 3417, 378, 24, 14.1, 839
1218, 3745, 3418, 470, 24, 14.7, 1006
1219, 2265, 3420, 428, 26, 14.7, 743
1220, 2562, 3420, 650, 31, 17.8, 1076
1221, 2602, 3423, 1609, 20, 12.8, 1383
1222, 2246, 3424, 470, 24, 14.7, 741
1223, 3811, 3426, 325, 33, 18.2, 771
1224, 3749, 3431, 752, 27, 15.4, 1116
1225, 2399, 3432, 422, 30, 17.1, 795
1226, 2206, 3433, 466, 25, 14.6, 649
1227, 2575, 3435, 566, 29, 17.3, 1023
1228, 2268, 3436, 533, 31, 17.3, 694
1229, 2602, 3438, 845, 25, 14.8, 1181
1230, 2659, 3441, 750, 29, 19.9, 1023
1231, 3838, 3441, 1093, 24, 15.5, 1194
1232, 2641, 3442, 678, 20, 12.8, 1059
1233, 3763, 3442, 671, 30, 17.2, 1055
1234, 2567, 3443, 446, 26, 15.9, 1009
1235, 2522, 3446, 680, 28, 15.5, 984
1236, 2546, 3446, 635, 28, 15.9, 1210
1237, 3785, 3449, 382, 23, 14.0, 800
1238, 2501, 3451, 1018, 21, 13.5, 1022
1239, 2600, 3453, 533, 27, 15.3, 1050
1240, 3816, 3453, 537, 19, 12.7, 962
1241, 2224, 3454, 520, 22, 14.1, 851
1242, 2513, 3454, 489, 21, 12.7, 792
1243, 2569, 3456, 494, 31, 17.5, 1002
1244, 2620, 3458, 589, 35, 18.4, 1129
1245, 3825, 3460, 633, 23, 14.7, 952
1246, 2241, 3465, 625, 26, 15.0, 903
1247, 2394, 3465, 452, 26, 15.3, 776
1248, 2225, 3467, 315, 36, 18.6, 810
1249, 2654, 3468, 1051, 25, 15.3, 1067
1250, 2528, 3470, 1069, 22, 13.4, 1307
1251, 3958, 3474, 371, 25, 14.8, 807
1252, 2576, 3477, 449, 27, 15.4, 784
1253, 2764, 3477, 618, 38, 21.9, 1074
1254, 530, 3478, 401, 24, 15.5, 716
1255, 2522, 3480, 456, 30, 17.2, 1007
1256, 620, 3481, 530, 28, 16.0, 677
1257, 3939, 3481, 340, 22, 13.8, 718
1258, 547, 3485, 1490, 21, 13.7, 1223
1259, 2140, 3485, 1786, 23, 14.2, 1324
1260, 596, 3488, 1271, 23, 14.1, 1159
1261, 2233, 3488, 795, 24, 14.1, 863
1262, 3388, 3489, 344, 24, 14.7, 737
1263, 4075, 3489, 350, 27, 16.4, 897
1264, 577, 3490, 653, 23, 14.4, 880
1265, 3958, 3491, 333, 28, 17.0, 808
1266, 3804, 3492, 385, 25, 14.6, 736
1267, 2781, 3493, 416, 21, 13.6, 896
1268, 610, 3497, 508, 15, 10.9, 626
1269, 3427, 3498, 960, 24, 14.1, 1091
1270, 4061, 3500, 422, 28, 16.6, 1021
1271, 2810, 3505, 629, 22, 14.1, 812
1272, 3406, 3505, 764, 23, 14.2, 1027
1273, 2728, 3507, 402, 22, 13.4, 632
1274, 3392, 3507, 651, 22, 14.2, 949
1275, 4070, 3507, 755, 24, 14.7, 1164
1276, 2779, 3512, 698, 24, 14.7, 1222
1277, 4049, 3512, 398, 34, 18.4, 986
1278, 2814, 3514, 593, 21, 12.7, 755
1279, 2768, 3515, 811, 27, 15.4, 1209
1280, 3453, 3515, 314, 32, 18.3, 884
1281, 2717, 3517, 1115, 22, 13.4, 1059
1282, 3404, 3518, 916, 23, 14.2, 1057
1283, 2614, 3521, 498, 22, 14.0, 1059
1284, 2686, 3522, 364, 22, 14.1, 741
1285, 3422, 3522, 675, 26, 15.5, 1142
1286, 4055, 3523, 1114, 20, 13.4, 1147
1287, 3463, 3525, 476, 24, 14.6, 947
1288, 2498, 3526, 1767, 19, 12.2, 1379
1289, 2814, 3527, 450, 24, 14.7, 717
1290, 3452, 3530, 467, 28, 16.5, 1033
1291, 2698, 3534, 471, 23, 14.2, 941
1292, 3475, 3534, 461, 24, 14.1, 870
1293, 1106, 3537, 1720, 20, 12.8, 1252
1294, 2685, 3537, 682, 22, 13.4, 901
1295, 2981, 3538, 448, 21, 13.3, 787
1296, 3461, 3538, 518, 26, 15.3, 1103
1297, 2478, 3540, 482, 37, 18.7, 1044
1298, 2707, 3545, 2052, 20, 12.6, 1533
1299, 2732, 3546, 1195, 24, 14.1, 1050
1300, 3477, 3548, 393, 33, 17.4, 867
1301, 2193, 3555, 569, 23, 14.0, 954
1302, 1111, 3557, 1923, 21, 13.3, 1602
1303, 1131, 3557, 619, 21, 13.6, 866
1304, 2983, 3557, 337, 30, 17.0, 666
1305, 2791, 3560, 409, 31, 17.2, 903
1306, 1094, 3566, 1285, 19, 12.2, 1134
1307, 2601, 3566, 455, 29, 16.7, 1204
1308, 3329, 3566, 330, 21, 13.4, 742
1309, 2650, 3567, 527, 20, 13.7, 764
1310, 2959, 3567, 438, 26, 16.1, 666
1311, 24, 3568, 313, 33, 17.9, 835
1312, 3003, 3570, 605, 28, 16.0, 849
1313, 2981, 3571, 1132, 19, 12.9, 1055
1314, 2707, 3573, 349, 31, 18.2, 837
1315, 2791, 3574, 268, 37, 20.0, 844
1316, 57, 3577, 328, 24, 14.1, 806
1317, 3315, 3577, 372, 28, 16.0, 866
1318, 2327, 3579, 355, 26, 15.5, 576
1319, 2622, 3582, 387, 26, 15.4, 988
1320, 2597, 3583, 824, 25, 14.6, 1189
1321, 3024, 3584, 713, 24, 14.9, 795
1322, 3369, 3584, 2116, 24, 14.7, 1636
1323, 1216, 3589, 617, 23, 14.1, 788
1324, 2272, 3590, 648, 24, 14.9, 720
1325, 1248, 3591, 675, 26, 14.7, 991
1326, 2761, 3591, 653, 24, 14.6, 915
1327, 2805, 3592, 779, 26, 15.5, 1111
1328, 2955, 3592, 1042, 27, 15.4, 1056
1329, 3012, 3593, 335, 39, 24.8, 665
1330, 2779, 3595, 804, 28, 16.1, 1322
1331, 2789, 3596, 1021, 25, 14.8, 1352
1332, 2296, 3601, 323, 27, 16.5, 630
1333, 2804, 3601, 1103, 20, 12.8, 1170
1334, 3004, 3602, 654, 19, 12.2, 793
1335, 1223, 3603, 764, 26, 15.5, 884
1336, 2281, 3608, 429, 25, 15.0, 727
1337, 2934, 3608, 459, 23, 14.6, 792
1338, 3026, 3610, 1053, 20, 12.8, 877
1339, 1231, 3611, 441, 20, 13.4, 782
1340, 3362, 3611, 608, 23, 14.5, 1055
1341, 2479, 3613, 649, 26, 15.3, 834
1342, 3413, 3614, 411, 28, 16.7, 829
1343, 2765, 3616, 1671, 19, 13.4, 1261
1344, 2941, 3616, 546, 24, 14.1, 774
1345, 2250, 3617, 422, 22, 13.9, 679
1346, 1215, 3618, 536, 26, 16.1, 814
1347, 2781, 3618, 802, 19, 12.2, 960
1348, 2801, 3621, 484, 24, 14.7, 882
1349, 2277, 3622, 875, 20, 13.4, 905
1350, 3373, 3624, 1430, 22, 14.6, 1380
1351, 677, 3625, 309, 21, 13.3, 566
1352, 3405, 3625, 516, 26, 14.7, 1069
1353, 2608, 3626, 1031, 26, 14.7, 958
1354, 2264, 3627, 774, 24, 14.1, 785
1355, 2626, 3627, 324, 22, 13.8, 710
1356, 640, 3628, 392, 23, 14.8, 597
1357, 2497, 3628, 582, 20, 13.6, 767
1358, 3391, 3629, 603, 21, 13.3, 986
1359, 2977, 3630, 956, 20, 12.8, 889
1360, 2290, 3631, 509, 23, 14.1, 671
1361, 2587, 3639, 353, 27, 16.1, 660
1362, 2968, 3641, 344, 24, 14.1, 663
1363, 2625, 3642, 954, 23, 14.4, 870
1364, 2496, 3643, 562, 32, 17.8, 796
1365, 2276, 3646, 334, 26, 15.9, 669
1366, 2489, 3650, 1046, 22, 13.6, 1170
1367, 3349, 3652, 797, 23, 14.1, 920
1368, 2696, 3656, 660, 24, 14.1, 882
1369, 2515, 3657, 481, 27, 16.7, 919
1370, 2503, 3658, 382, 21, 13.7, 869
1371, 2722, 3662, 570, 24, 14.1, 837
1372, 3636, 3664, 576, 22, 13.4, 1069
1373, 2254, 3665, 351, 22, 14.1, 611
1374, 3397, 3665, 458, 26, 15.6, 918
1375, 2494, 3668, 606, 27, 15.5, 1070
1376, 2693, 3669, 364, 26, 15.3, 798
1377, 2971, 3671, 327, 33, 22.9, 740
1378, 2290, 3672, 698, 25, 14.6, 961
1379, 2472, 3672, 388, 27, 16.1, 723
1380, 2234, 3674, 301, 31, 19.1, 620
1381, 2724, 3675, 681, 26, 15.6, 944
1382, 2512, 3676, 711, 22, 13.4, 911
1383, 2272, 3678, 716, 26, 14.7, 954
1384, 2594, 3680, 799, 22, 14.1, 915
1385, 2709, 3681, 1235, 28, 16.0, 1409
1386, 3628, 3681, 589, 22, 13.4, 1224
1387, 2485, 3683, 324, 30, 18.3, 890
1388, 3047, 3684, 366, 30, 16.7, 676
1389, 2263, 3685, 311, 26, 15.3, 599
1390, 2280, 3685, 506, 26, 15.4, 789
1391, 2622, 3688, 483, 27, 16.0, 772
1392, 3391, 3689, 480, 33, 17.3, 910
1393, 2711, 3691, 542, 26, 14.7, 1190
1394, 625, 3693, 803, 20, 13.4, 1233
1395, 2592, 3696, 490, 37, 20.1, 759
1396, 3623, 3696, 659, 24, 14.9, 933
1397, 3634, 3696, 586, 28, 16.5, 1158
1398, 2729, 3697, 499, 26, 14.7, 814
1399, 2948, 3697, 458, 26, 15.9, 859
1400, 2991, 3698, 430, 31, 17.4, 842
1401, 2481, 3699, 637, 26, 14.7, 830
1402, 1532, 3701, 416, 30, 21.2, 830
1403, 2234, 3701, 298, 30, 16.6, 682
1404, 2679, 3702, 1519, 21, 12.7, 1194
1405, 616, 3703, 295, 31, 17.7, 1097
1406, 2357, 3703, 420, 29, 16.0, 799
1407, 3318, 3703, 889, 23, 14.4, 847
1408, 3337, 3706, 400, 30, 16.8, 675
1409, 2613, 3710, 413, 24, 14.1, 812
1410, 3730, 3710, 1096, 23, 14.1, 1014
1411, 2684, 3711, 492, 27, 15.5, 832
1412, 3746, 3711, 652, 23, 14.0, 912
1413, 1512, 3714, 616, 21, 12.7, 781
1414, 2279, 3714, 762, 25, 14.8, 827
1415, 2368, 3714, 518, 28, 15.8, 930
1416, 2982, 3716, 425, 31, 17.5, 810
1417, 1553, 3717, 453, 22, 14.1, 763
1418, 3031, 3719, 1077, 22, 13.8, 1075
1419, 2255, 3722, 382, 23, 14.6, 661
1420, 2642, 3723, 564, 26, 15.8, 890
1421, 1530, 3724, 954, 30, 18.3, 1133
1422, 2362, 3724, 449, 24, 15.3, 888
1423, 2553, 3725, 509, 24, 14.8, 801
1424, 3324, 3727, 977, 22, 13.4, 975
1425, 3361, 3728, 961, 17, 12.0, 1249
1426, 3046, 3729, 1701, 21, 13.3, 1701
1427, 3342, 3734, 1015, 23, 14.4, 1073
1428, 1520, 3735, 932, 23, 14.0, 1096
1429, 2940, 3736, 495, 23, 14.2, 805
1430, 3716, 3736, 1290, 22, 13.4, 1096
1431, 3729, 3736, 428, 26, 16.6, 788
1432, 2950, 3737, 591, 21, 12.7, 872
1433, 3421, 3738, 320, 27, 15.4, 876
1434, 3040, 3739, 441, 34, 17.5, 1095
1435, 2349, 3740, 660, 34, 19.3, 1087
1436, 3057, 3740, 1222, 20, 12.8, 1222
1437, 2574, 3742, 375, 21, 12.7, 631
1438, 3444, 3742, 766, 20, 13.2, 1116
1439, 3765, 3743, 462, 22, 13.4, 930
1440, 1516, 3744, 934, 25, 15.6, 1020
1441, 3004, 3745, 365, 27, 16.6, 693
1442, 3461, 3745, 338, 21, 12.7, 867
1443, 1493, 3747, 417, 20, 12.8, 589
1444, 2988, 3747, 480, 29, 17.1, 697
1445, 2926, 3752, 817, 24, 14.6, 874
1446, 2965, 3752, 748, 24, 14.7, 890
1447, 3064, 3752, 683, 27, 15.5, 1062
1448, 3031, 3753, 296, 34, 19.2, 828
1449, 2982, 3756, 516, 21, 14.0, 774
1450, 3330, 3756, 324, 31, 17.3, 619
1451, 3455, 3756, 419, 23, 14.1, 849
1452, 3143, 3759, 576, 23, 14.1, 794
1453, 3015, 3761, 279, 35, 19.3, 690
1454, 2936, 3762, 1443, 24, 14.1, 1162
1455, 3736, 3763, 358, 21, 13.6, 861
1456, 3757, 3764, 412, 28, 16.0, 1002
1457, 3055, 3765, 405, 27, 15.3, 851
1458, 3448, 3765, 488, 24, 14.6, 860
1459, 1496, 3766, 325, 24, 15.3, 604
1460, 2603, 3767, 305, 35, 20.0, 660
1461, 3339, 3767, 561, 26, 15.3, 691
1462, 3501, 3767, 810, 26, 15.3, 1193
1463, 2585, 3768, 854, 21, 12.7, 888
1464, 2981, 3768, 504, 26, 15.3, 812
1465, 2389, 3769, 830, 20, 13.4, 1131
1466, 3021, 3771, 384, 26, 15.3, 777
1467, 3128, 3772, 570, 20, 12.8, 1033
1468, 1251, 3773, 543, 21, 13.3, 786
1469, 3458, 3773, 584, 20, 12.8, 882
1470, 2347, 3774, 335, 34, 17.8, 931
1471, 2334, 3776, 319, 38, 19.7, 756
1472, 2959, 3777, 1795, 27, 16.6, 1593
1473, 3483, 3779, 659, 21, 12.7, 1044
1474, 2985, 3781, 450, 26, 14.7, 733
1475, 3473, 3781, 503, 23, 14.6, 971
1476, 3530, 3781, 429, 25, 15.4, 990
1477, 1261, 3786, 508, 22, 13.4, 873
1478, 2102, 3787, 423, 23, 14.6, 636
1479, 3130, 3787, 439, 29, 17.5, 998
1480, 1250, 3788, 928, 25, 14.8, 1094
1481, 3117, 3788, 438, 24, 15.3, 1213
1482, 2235, 3790, 737, 23, 14.6, 794
1483, 3537, 3792, 513, 19, 12.2, 925
1484, 2194, 3794, 822, 23, 14.1, 798
1485, 3057, 3794, 944, 24, 14.1, 1163
1486, 3077, 3795, 384, 24, 14.7, 829
1487, 3096, 3797, 468, 34, 23.8, 860
1488, 1231, 3800, 453, 22, 13.9, 690
1489, 2214, 3800, 469, 21, 12.7, 737
1490, 1265, 3801, 473, 29, 17.0, 940
1491, 1286, 3803, 791, 19, 12.9, 898
1492, 2271, 3803, 592, 23, 14.5, 875
1493, 3120, 3805, 2052, 22, 13.4, 1836
1494, 2389, 3807, 1763, 26, 14.7, 1520
1495, 3081, 3807, 739, 21, 12.7, 1115
1496, 3134, 3808, 574, 37, 19.3, 1240
1497, 1705, 3812, 388, 21, 13.3, 602
1498, 2118, 3813, 640, 21, 12.7, 718
1499, 1262, 3816, 548, 23, 14.0, 928
1500, 3055, 3816, 350, 26, 15.0, 785
1501, 1278, 3817, 1375, 22, 14.1, 1394
1502, 1715, 3817, 549, 23, 14.1, 702
1503, 3069, 3817, 752, 24, 14.5, 1120
1504, 3084, 3817, 489, 34, 19.1, 923
1505, 2418, 3819, 347, 22, 14.2, 609
1506, 3130, 3820, 438, 39, 21.3, 1151
1507, 1959, 3821, 1843, 21, 13.4, 1376
1508, 3039, 3822, 560, 28, 15.5, 793
1509, 2944, 3825, 389, 24, 14.1, 789
1510, 3157, 3826, 297, 27, 17.0, 690
1511, 1729, 3827, 1829, 22, 13.4, 1169
1512, 2228, 3830, 758, 22, 13.6, 851
1513, 3082, 3833, 354, 33, 18.4, 880
1514, 3128, 3833, 1102, 21, 13.5, 1309
1515, 2399, 3834, 466, 26, 16.0, 746
1516, 2205, 3835, 705, 22, 13.6, 856
1517, 2388, 3838, 818, 22, 13.9, 917
1518, 1709, 3839, 689, 20, 12.6, 844
1519, 1407, 3842, 297, 25, 14.8, 657
1520, 1386, 3843, 323, 26, 16.0, 736
1521, 2366, 3845, 488, 25, 15.4, 872
1522, 1452, 3846, 444, 21, 14.1, 569
1523, 3666, 3847, 434, 25, 15.3, 780
1524, 2381, 3849, 759, 22, 13.4, 954
1525, 2251, 3850, 353, 26, 15.5, 656
1526, 2405, 3850, 364, 28, 16.0, 756
1527, 2179, 3852, 725, 24, 14.7, 807
1528, 1459, 3855, 400, 28, 16.2, 669
1529, 1742, 3855, 1017, 18, 12.1, 863
1530, 2219, 3856, 719, 24, 14.1, 939
1531, 3830, 3857, 351, 26, 15.4, 733
1532, 1376, 3858, 295, 27, 15.8, 620
1533, 1700, 3858, 365, 27, 15.3, 843
1534, 1425, 3862, 720, 23, 14.0, 897
1535, 1711, 3864, 606, 24, 15.3, 995
1536, 2225, 3865, 569, 21, 12.7, 821
1537, 3583, 3865, 369, 27, 15.3, 825
1538, 3599, 3865, 429, 27, 15.7, 746
1539, 80, 3866, 431, 24, 14.1, 525
1540, 1701, 3868, 852, 18, 12.1, 1164
1541, 2431, 3869, 493, 29, 17.7, 787
1542, 1472, 3871, 698, 25, 14.8, 783
1543, 2193, 3871, 494, 26, 18.1, 786
1544, 177, 3872, 706, 18, 12.3, 836
1545, 195, 3872, 595, 22, 14.1, 858
1546, 3813, 3872, 316, 24, 14.7, 799
1547, 220, 3873, 568, 23, 14.0, 742
1548, 1503, 3873, 643, 24, 14.6, 780
1549, 2166, 3874, 372, 21, 13.6, 590
1550, 3569, 3874, 588, 26, 15.7, 1037
1551, 3840, 3874, 486, 25, 15.4, 844
1552, 1276, 3876, 576, 23, 14.4, 654
1553, 1397, 3876, 334, 33, 21.8, 713
1554, 2208, 3877, 1136, 21, 13.3, 1083
1555, 1439, 3878, 655, 27, 15.9, 963
1556, 1709, 3878, 479, 29, 18.0, 1026
1557, 2369, 3879, 341, 28, 16.0, 743
1558, 2406, 3879, 1416, 23, 14.6, 1097
1559, 1239, 3880, 298, 25, 14.6, 646
1560, 208, 3882, 1377, 24, 14.7, 1070
1561, 3575, 3883, 532, 22, 13.4, 975
1562, 111, 3885, 1401, 22, 14.3, 1163
1563, 1429, 3885, 1554, 24, 14.1, 1254
1564, 2178, 3885, 1218, 20, 13.7, 1023
1565, 146, 3886, 1038, 21, 12.7, 975
1566, 3835, 3887, 436, 28, 15.8, 895
1567, 2789, 3888, 374, 21, 13.9, 845
1568, 219, 3890, 510, 24, 15.2, 877
1569, 1262, 3890, 297, 28, 15.8, 632
1570, 1470, 3891, 1867, 24, 14.4, 1173
1571, 1447, 3892, 495, 28, 16.1, 819
1572, 1835, 3892, 865, 26, 15.5, 1193
1573, 102, 3895, 882, 23, 14.4, 895
1574, 1485, 3897, 902, 20, 12.8, 884
1575, 1853, 3897, 869, 21, 12.7, 1217
1576, 3104, 3898, 415, 27, 16.1, 822
1577, 2220, 3899, 901, 22, 14.1, 913
1578, 1741, 3901, 709, 21, 13.3, 832
1579, 3092, 3901, 344, 34, 18.3, 830
1580, 3833, 3901, 556, 30, 17.2, 1103
1581, 195, 3903, 755, 22, 13.4, 1027
1582, 1418, 3903, 338, 21, 13.5, 680
1583, 2403, 3904, 754, 23, 14.8, 1020
1584, 3822, 3904, 591, 23, 14.2, 1096
1585, 172, 3906, 349, 22, 14.1, 694
1586, 1842, 3906, 2011, 22, 14.1, 1662
1587, 1854, 3906, 975, 18, 12.1, 1574
1588, 3607, 3906, 304, 24, 15.4, 799
1589, 214, 3907, 1689, 21, 13.3, 1348
1590, 1408, 3908, 413, 22, 13.4, 664
1591, 124, 3911, 392, 26, 15.5, 674
1592, 151, 3913, 304, 23, 15.2, 698
1593, 187, 3913, 853, 23, 14.6, 959
1594, 1865, 3914, 819, 20, 12.6, 1092
1595, 299, 3916, 782, 25, 14.6, 836
1596, 1855, 3917, 906, 23, 14.7, 1391
1597, 3093, 3917, 1199, 22, 13.6, 1202
1598, 2357, 3920, 591, 27, 15.5, 934
1599, 3870, 3921, 792, 21, 13.4, 1074
1600, 2409, 3922, 617, 23, 14.1, 917
1601, 3083, 3924, 574, 21, 13.3, 770
1602, 228, 3925, 283, 28, 16.4, 568
1603, 1663, 3930, 346, 29, 16.6, 624
1604, 2385, 3930, 698, 18, 12.1, 1011
1605, 2778, 3930, 461, 22, 13.4, 718
1606, 1686, 3933, 372, 20, 12.8, 680
1607, 2238, 3934, 337, 24, 14.1, 791
1608, 2792, 3936, 472, 28, 16.0, 835
1609, 309, 3937, 341, 21, 13.7, 597
1610, 2746, 3937, 723, 22, 14.2, 861
1611, 2369, 3941, 992, 21, 13.7, 1249
1612, 3064, 3942, 522, 21, 13.4, 676
1613, 1864, 3943, 627, 27, 15.4, 1119
1614, 2388, 3944, 715, 28, 16.0, 1238
1615, 1666, 3945, 1117, 19, 12.2, 1024
1616, 3846, 3945, 1306, 21, 12.7, 1192
1617, 2223, 3946, 563, 26, 16.0, 902
1618, 2236, 3946, 541, 26, 15.3, 908
1619, 2771, 3946, 1505, 22, 13.9, 1310
1620, 2213, 3949, 461, 24, 14.7, 847
1621, 2974, 3949, 418, 37, 22.1, 926
1622, 1646, 3950, 1078, 23, 14.4, 916
1623, 1873, 3952, 426, 37, 22.3, 949
1624, 2381, 3956, 588, 24, 14.1, 1080
1625, 2393, 3957, 802, 21, 13.5, 1265
1626, 2725, 3957, 454, 22, 13.6, 643
1627, 2755, 3957, 376, 26, 15.5, 851
1628, 1863, 3958, 841, 22, 14.2, 1052
1629, 2209, 3958, 304, 35, 19.6, 689
1630, 2602, 3959, 686, 22, 13.4, 741
1631, 2937, 3963, 688, 26, 15.3, 1069
1632, 2252, 3967, 954, 24, 14.1, 1201
1633, 2267, 3968, 363, 24, 14.6, 919
1634, 1674, 3969, 582, 21, 14.1, 1042
1635, 2354, 3969, 1427, 22, 13.6, 1096
1636, 1654, 3970, 589, 23, 14.5, 847
1637, 2278, 3970, 350, 24, 14.1, 795
1638, 291, 3971, 408, 31, 16.7, 625
1639, 256, 3972, 319, 22, 14.1, 548
1640, 1715, 3976, 431, 27, 15.5, 808
1641, 2442, 3976, 458, 21, 13.3, 806
1642, 2739, 3977, 410, 31, 17.2, 842
1643, 2486, 3978, 531, 22, 13.4, 729
1644, 2318, 3979, 500, 24, 14.8, 755
1645, 2768, 3980, 590, 24, 14.6, 984
1646, 2924, 3980, 631, 31, 17.8, 1071
1647, 2961, 3980, 377, 28, 16.1, 857
1648, 604, 3981, 391, 22, 14.1, 586
1649, 1691, 3982, 437, 24, 14.5, 846
1650, 1702, 3983, 556, 22, 14.1, 918
1651, 2273, 3983, 361, 30, 16.8, 862
1652, 3089, 3986, 364, 26, 16.1, 847
1653, 2600, 3987, 325, 25, 14.6, 608
1654, 556, 3988, 818, 22, 13.4, 916
1655, 2391, 3988, 611, 24, 14.1, 948
1656, 2363, 3989, 896, 24, 14.1, 879
1657, 1684, 3991, 498, 27, 15.5, 793
1658, 2380, 3991, 352, 26, 15.3, 793
1659, 2627, 3992, 1047, 25, 14.8, 979
1660, 3078, 3992, 514, 29, 16.0, 938
1661, 2314, 3993, 759, 20, 12.8, 820
1662, 2438, 3994, 463, 30, 17.4, 819
1663, 443, 3995, 1094, 26, 15.5, 1098
1664, 2758, 3995, 490, 27, 16.0, 947
1665, 591, 3996, 297, 32, 16.7, 686
1666, 2236, 3996, 601, 27, 15.3, 987
1667, 577, 3997, 776, 23, 14.1, 904
1668, 398, 4000, 384, 21, 14.3, 693
1669, 2277, 4000, 635, 19, 12.2, 1008
1670, 3557, 4000, 361, 29, 16.6, 888
1671, 2953, 4001, 810, 23, 14.8, 1191
1672, 2633, 4002, 1111, 19, 12.9, 1017
1673, 2424, 4003, 466, 26, 15.5, 835
1674, 2542, 4003, 336, 26, 15.3, 548
1675, 3087, 4003, 730, 23, 14.7, 1178
1676, 2449, 4005, 1925, 18, 12.3, 1357
1677, 3100, 4005, 324, 39, 21.0, 903
1678, 1678, 4006, 377, 27, 15.7, 748
1679, 2588, 4006, 810, 23, 14.8, 800
1680, 2806, 4009, 392, 26, 15.3, 1030
1681, 465, 4010, 517, 26, 14.7, 849
1682, 3549, 4010, 440, 19, 12.2, 866
1683, 516, 4011, 805, 22, 13.6, 760
1684, 3070, 4011, 653, 23, 14.0, 993
1685, 2250, 4012, 426, 26, 15.2, 851
1686, 2486, 4012, 728, 22, 13.4, 987
1687, 2416, 4014, 665, 25, 14.8, 989
1688, 2428, 4014, 840, 24, 14.5, 988
1689, 632, 4015, 294, 25, 14.8, 597
1690, 2400, 4015, 997, 23, 14.0, 1096
1691, 2441, 4015, 488, 24, 14.1, 860
1692, 614, 4017, 790, 20, 12.6, 819
1693, 2287, 4017, 501, 30, 16.1, 842
1694, 2380, 4017, 735, 28, 16.2, 1001
1695, 2498, 4019, 418, 23, 14.0, 818
1696, 3557, 4019, 461, 26, 15.8, 992
1697, 3608, 4019, 411, 29, 16.0, 728
1698, 426, 4020, 443, 18, 12.1, 711
1699, 602, 4020, 1448, 22, 14.4, 1270
1700, 1675, 4020, 346, 21, 13.7, 698
1701, 3544, 4020, 330, 27, 18.2, 723
1702, 3569, 4020, 515, 30, 16.8, 1091
1703, 461, 4022, 527, 19, 12.8, 850
1704, 583, 4022, 927, 24, 14.1, 915
1705, 570, 4023, 399, 23, 14.5, 594
1706, 2517, 4023, 832, 24, 14.1, 976
1707, 3581, 4023, 319, 38, 19.2, 851
1708, 2602, 4024, 866, 22, 13.4, 846
1709, 2643, 4024, 549, 29, 16.8, 813
1710, 2389, 4025, 432, 22, 13.4, 777
1711, 2414, 4027, 1663, 21, 13.3, 1434
1712, 1671, 4029, 523, 17, 12.0, 698
1713, 2250, 4029, 628, 18, 12.3, 760
1714, 2276, 4029, 465, 23, 14.7, 797
1715, 2791, 4029, 384, 31, 18.1, 1239
1716, 3592, 4031, 835, 25, 15.4, 1177
1717, 3556, 4032, 329, 28, 16.2, 623
1718, 450, 4033, 346, 22, 14.1, 633
1719, 466, 4033, 360, 23, 14.0, 657
1720, 3747, 4033, 327, 27, 16.3, 588
1721, 489, 4035, 493, 23, 14.0, 679
1722, 3611, 4036, 411, 25, 14.6, 928
1723, 1797, 4038, 361, 26, 14.7, 608
1724, 671, 4041, 1506, 22, 14.1, 1492
1725, 2492, 4041, 699, 32, 17.6, 1083
1726, 2419, 4042, 279, 30, 16.6, 785
1727, 3630, 4042, 423, 22, 13.6, 847
1728, 474, 4043, 391, 24, 14.1, 608
1729, 2481, 4043, 439, 30, 17.9, 906
1730, 2782, 4044, 452, 28, 17.4, 1144
1731, 1691, 4045, 371, 28, 15.9, 772
1732, 639, 4046, 481, 22, 14.1, 812
1733, 2438, 4046, 568, 21, 12.7, 984
1734, 2621, 4047, 350, 30, 16.1, 741
1735, 661, 4050, 386, 33, 19.4, 1045
1736, 2633, 4051, 803, 33, 21.7, 938
1737, 3615, 4051, 424, 32, 18.2, 993
1738, 377, 4054, 412, 36, 20.4, 790
1739, 3022, 4054, 358, 23, 14.8, 686
1740, 3595, 4055, 258, 34, 18.2, 758
1741, 2650, 4056, 296, 23, 14.0, 608
1742, 2424, 4057, 645, 22, 13.4, 941
1743, 1684, 4058, 300, 30, 17.2, 642
1744, 2407, 4062, 387, 22, 14.0, 737
1745, 2613, 4062, 371, 19, 12.7, 680
1746, 2765, 4062, 1153, 21, 13.3, 1220
1747, 2483, 4064, 519, 21, 12.7, 1035
1748, 661, 4067, 494, 30, 17.1, 897
1749, 2476, 4071, 1049, 26, 15.5, 1274
1750, 425, 4073, 1143, 19, 12.7, 1046
1751, 1806, 4073, 352, 21, 14.2, 535
1752, 356, 4075, 329, 30, 16.8, 576
1753, 393, 4075, 514, 26, 15.2, 771
1754, 381, 4076, 375, 32, 19.7, 800
1755, 2619, 4076, 326, 25, 14.8, 697
1756, 665, 4082, 812, 19, 12.9, 1028
1757, 424, 4083, 354, 34, 22.7, 825
1758, 402, 4084, 663, 28, 16.0, 962
1759, 2437, 4085, 475, 23, 14.0, 836
